Label=Anomalous
network[son<-parent]=
320<-509: 0.005025125628140704
213<-320: 0.005025125628140704
22<-213: 0.005025125628140704
272<-22: 0.005025125628140704
311<-272: 0.005025125628140704
213<-311: 0.005025125628140704
213<-213: 0.03015075376884422
66<-213: 0.010050251256281407
216<-66: 0.005025125628140704
213<-216: 0.005025125628140704
105<-66: 0.005025125628140704
105<-105: 0.135678391959799
213<-105: 0.005025125628140704
541<-213: 0.005025125628140704
105<-541: 0.005025125628140704
158<-105: 0.005025125628140704
105<-158: 0.005025125628140704

nodeInfo=(Event,position embedding)
320: 320,49
66: 66,37
541: 541,29
105: 105,1
272: 272,46
213: 213,30
22: 22,47
311: 311,45
216: 216,39
509: 509,50
158: 158,20


Sequence Order: 509 320 213 22 272 311 213 213 213 213 66 216 213 66 105 105 105 213 213 213 213 541 105 105 105 105 105 105 105 105 158 105 105 105 105 105 105 105 105 105 105 105 105 105 105 105 105 105 105 105