Label=Anomalous
network[son<-parent]=
371<-66: 0.005025125628140704
371<-371: 0.01507537688442211
66<-371: 0.005025125628140704
66<-66: 0.020100502512562814
213<-66: 0.005025125628140704
213<-213: 0.08040201005025126
485<-213: 0.005025125628140704
485<-485: 0.04020100502512563
213<-485: 0.005025125628140704
541<-213: 0.005025125628140704
541<-541: 0.04020100502512563
105<-541: 0.005025125628140704
105<-105: 0.01507537688442211

nodeInfo=(Event,position embedding)
66: 66,41
485: 485,23
105: 105,1
371: 371,46
213: 213,14
541: 541,5


Sequence Order: 66 371 371 371 371 66 66 66 66 66 213 213 213 213 213 213 213 213 213 485 485 485 485 485 485 485 485 485 213 213 213 213 213 213 213 213 213 541 541 541 541 541 541 541 541 541 105 105 105 105