Label=Normal
network[son<-parent]=
270<-212: 0.005025125628140704
158<-270: 0.005025125628140704
570<-158: 0.010050251256281407
144<-570: 0.005025125628140704
212<-144: 0.01507537688442211
158<-212: 0.005025125628140704
158<-158: 0.010050251256281407
570<-570: 0.005025125628140704
158<-570: 0.005025125628140704
144<-158: 0.005025125628140704
144<-144: 0.15577889447236182
212<-212: 0.005025125628140704
144<-212: 0.010050251256281407
523<-144: 0.005025125628140704

nodeInfo=(Event,position embedding)
523: 523,1
270: 270,49
144: 144,2
212: 212,29
570: 570,40
158: 158,39


Sequence Order: 212 270 158 570 144 212 158 158 158 570 570 158 144 144 144 144 144 212 212 144 144 212 144 144 144 144 144 144 144 144 144 144 144 144 144 144 144 144 144 144 144 144 144 144 144 144 144 144 144 523