Label=Anomalous
network[son<-parent]=
569<-349: 0.005025125628140704
335<-569: 0.005025125628140704
569<-335: 0.005025125628140704
105<-569: 0.010050251256281407
569<-105: 0.010050251256281407
213<-569: 0.005025125628140704
569<-213: 0.005025125628140704
485<-569: 0.005025125628140704
569<-485: 0.005025125628140704
541<-569: 0.005025125628140704
569<-541: 0.005025125628140704
569<-569: 0.18090452261306533

nodeInfo=(Event,position embedding)
541: 541,38
485: 485,40
105: 105,44
335: 335,48
213: 213,42
569: 569,1
349: 349,50


Sequence Order: 349 569 335 569 105 569 105 569 213 569 485 569 541 569 569 569 569 569 569 569 569 569 569 569 569 569 569 569 569 569 569 569 569 569 569 569 569 569 569 569 569 569 569 569 569 569 569 569 569 569