Label=Normal
network[son<-parent]=
569<-569: 0.17587939698492464
158<-569: 0.010050251256281407
569<-158: 0.005025125628140704
557<-158: 0.005025125628140704
158<-557: 0.005025125628140704
212<-158: 0.005025125628140704
158<-212: 0.005025125628140704
570<-158: 0.005025125628140704
570<-570: 0.005025125628140704
557<-570: 0.005025125628140704
557<-557: 0.005025125628140704
212<-557: 0.005025125628140704
212<-212: 0.005025125628140704
569<-212: 0.005025125628140704

nodeInfo=(Event,position embedding)
557: 557,28
212: 212,26
569: 569,1
570: 570,30
158: 158,32


Sequence Order: 569 569 569 569 569 569 569 569 569 569 569 569 158 569 158 557 158 212 158 570 570 557 557 212 212 569 569 569 569 569 569 569 569 569 569 569 569 569 569 569 569 569 569 569 569 569 569 569 569 569