Label=Normal
network[son<-parent]=
557<-569: 0.010050251256281407
158<-557: 0.005025125628140704
569<-158: 0.005025125628140704
158<-569: 0.005025125628140704
158<-158: 0.005025125628140704
523<-158: 0.005025125628140704
569<-523: 0.04020100502512563
523<-569: 0.035175879396984924
523<-523: 0.08542713567839195
212<-569: 0.010050251256281407
569<-212: 0.01507537688442211
557<-557: 0.010050251256281407
212<-557: 0.005025125628140704
212<-212: 0.005025125628140704
569<-569: 0.005025125628140704

nodeInfo=(Event,position embedding)
523: 523,13
557: 557,7
212: 212,3
569: 569,1
158: 158,45


Sequence Order: 569 557 158 569 158 158 523 569 523 523 523 523 569 523 523 523 569 523 523 523 523 569 523 523 523 569 523 523 569 523 523 523 523 569 523 523 523 523 569 212 569 557 557 557 212 569 212 212 569 569