Label=Normal
network[son<-parent]=
158<-158: 0.005025125628140704
557<-158: 0.010050251256281407
557<-557: 0.11557788944723618
158<-557: 0.02512562814070352
333<-158: 0.01507537688442211
557<-333: 0.01507537688442211
212<-557: 0.020100502512562814
557<-212: 0.020100502512562814
212<-158: 0.005025125628140704
212<-212: 0.010050251256281407
158<-212: 0.005025125628140704

nodeInfo=(Event,position embedding)
212: 212,4
333: 333,9
557: 557,2
158: 158,1


Sequence Order: 158 158 557 557 557 158 333 557 557 557 557 557 557 557 557 158 557 557 557 557 557 212 557 158 333 557 212 557 557 557 557 557 557 158 212 557 557 212 212 212 158 333 557 557 557 557 212 557 557 158