Label=Normal
network[son<-parent]=
158<-212: 0.005025125628140704
557<-158: 0.005025125628140704
212<-557: 0.005025125628140704
523<-212: 0.005025125628140704
523<-523: 0.18090452261306533
333<-523: 0.005025125628140704
517<-333: 0.005025125628140704
144<-517: 0.005025125628140704
517<-144: 0.005025125628140704
517<-517: 0.005025125628140704
569<-517: 0.005025125628140704
569<-569: 0.005025125628140704
158<-569: 0.005025125628140704
523<-158: 0.005025125628140704

nodeInfo=(Event,position embedding)
517: 517,35
523: 523,1
333: 333,39
557: 557,48
144: 144,37
212: 212,47
569: 569,33
158: 158,32


Sequence Order: 212 158 557 212 523 523 523 523 523 523 523 333 517 144 517 517 569 569 158 523 523 523 523 523 523 523 523 523 523 523 523 523 523 523 523 523 523 523 523 523 523 523 523 523 523 523 523 523 523 523