Label=Normal
network[son<-parent]=
557<-570: 0.010050251256281407
557<-557: 0.010050251256281407
212<-557: 0.01507537688442211
212<-212: 0.010050251256281407
158<-212: 0.005025125628140704
158<-158: 0.005025125628140704
570<-158: 0.005025125628140704
523<-212: 0.010050251256281407
523<-523: 0.1658291457286432
158<-523: 0.005025125628140704
557<-158: 0.005025125628140704

nodeInfo=(Event,position embedding)
523: 523,1
557: 557,23
212: 212,22
570: 570,43
158: 158,24


Sequence Order: 570 557 557 212 212 158 158 570 557 557 212 212 523 523 523 523 523 523 523 523 523 523 523 523 523 523 158 557 212 523 523 523 523 523 523 523 523 523 523 523 523 523 523 523 523 523 523 523 523 523