Label=Normal
network[son<-parent]=
212<-212: 0.020100502512562814
523<-212: 0.01507537688442211
570<-523: 0.010050251256281407
158<-570: 0.020100502512562814
158<-158: 0.02512562814070352
557<-158: 0.020100502512562814
523<-557: 0.005025125628140704
570<-570: 0.06532663316582915
557<-570: 0.010050251256281407
557<-557: 0.005025125628140704
212<-557: 0.020100502512562814
570<-212: 0.005025125628140704
570<-557: 0.005025125628140704
158<-523: 0.010050251256281407
570<-158: 0.010050251256281407

nodeInfo=(Event,position embedding)
523: 523,11
557: 557,2
212: 212,1
570: 570,4
158: 158,3


Sequence Order: 212 212 523 570 158 158 158 158 557 523 570 570 557 557 212 212 212 570 570 158 158 158 557 570 570 570 570 557 212 212 523 158 570 570 570 570 158 557 212 523 158 570 570 570 570 570 570 158 557 212