Label=Normal
network[son<-parent]=
158<-557: 0.005025125628140704
523<-158: 0.005025125628140704
523<-523: 0.12060301507537688
557<-523: 0.04020100502512563
523<-557: 0.04020100502512563
557<-557: 0.005025125628140704
212<-523: 0.01507537688442211
523<-212: 0.01507537688442211

nodeInfo=(Event,position embedding)
523: 523,1
212: 212,13
557: 557,18
158: 158,49


Sequence Order: 557 158 523 523 523 557 523 557 557 523 523 523 557 523 557 523 557 523 523 523 557 523 212 523 212 523 523 523 557 523 523 523 557 523 523 523 523 212 523 523 523 523 523 523 523 523 523 523 523 523