Label=Anomalous
network[son<-parent]=
557<-485: 0.005025125628140704
158<-557: 0.02512562814070352
557<-158: 0.020100502512562814
557<-557: 0.17587939698492464
541<-557: 0.005025125628140704
557<-541: 0.005025125628140704
212<-158: 0.005025125628140704
557<-212: 0.005025125628140704

nodeInfo=(Event,position embedding)
485: 485,50
557: 557,1
212: 212,42
541: 541,45
158: 158,33


Sequence Order: 485 557 158 557 557 541 557 158 212 557 557 158 557 557 158 557 557 158 557 557 557 557 557 557 557 557 557 557 557 557 557 557 557 557 557 557 557 557 557 557 557 557 557 557 557 557 557 557 557 557