Label=Normal
network[son<-parent]=
158<-158: 0.005025125628140704
557<-158: 0.01507537688442211
523<-557: 0.05527638190954774
523<-523: 0.010050251256281407
557<-523: 0.05025125628140704
557<-557: 0.06030150753768844
333<-523: 0.005025125628140704
523<-333: 0.005025125628140704
517<-557: 0.005025125628140704
557<-517: 0.005025125628140704
158<-523: 0.005025125628140704
158<-557: 0.005025125628140704
212<-557: 0.005025125628140704
212<-212: 0.005025125628140704
333<-212: 0.005025125628140704
557<-333: 0.005025125628140704

nodeInfo=(Event,position embedding)
517: 517,37
523: 523,11
333: 333,4
557: 557,1
212: 212,5
158: 158,9


Sequence Order: 158 158 557 523 523 557 557 557 523 333 523 523 557 517 557 523 557 557 523 158 557 557 523 557 523 557 523 557 523 557 523 557 557 523 557 557 557 557 557 523 557 158 557 557 212 212 333 557 557 557