Label=Normal
network[son<-parent]=
265<-462: 0.06030150753768844
546<-265: 0.04522613065326633
462<-546: 0.05527638190954774
578<-265: 0.005025125628140704
548<-578: 0.01507537688442211
548<-548: 0.01507537688442211
578<-548: 0.010050251256281407
546<-548: 0.005025125628140704
269<-265: 0.005025125628140704
269<-269: 0.005025125628140704
546<-269: 0.005025125628140704
360<-265: 0.005025125628140704
406<-360: 0.005025125628140704
269<-406: 0.005025125628140704
6<-269: 0.005025125628140704

nodeInfo=(Event,position embedding)
546: 546,7
578: 578,39
548: 548,37
6: 6,1
360: 360,4
265: 265,5
269: 269,2
462: 462,6
406: 406,3


Sequence Order: 462 265 546 462 265 578 548 548 578 548 548 578 548 548 546 462 265 546 462 265 269 269 546 462 265 546 462 265 546 462 265 546 462 265 546 462 265 546 462 265 546 462 265 546 462 265 360 406 269 6