Label=Normal
network[son<-parent]=
557<-557: 0.005025125628140704
212<-557: 0.010050251256281407
158<-212: 0.005025125628140704
557<-158: 0.005025125628140704
523<-212: 0.005025125628140704
523<-523: 0.21608040201005024

nodeInfo=(Event,position embedding)
523: 523,1
212: 212,45
557: 557,46
158: 158,47


Sequence Order: 557 557 212 158 557 212 523 523 523 523 523 523 523 523 523 523 523 523 523 523 523 523 523 523 523 523 523 523 523 523 523 523 523 523 523 523 523 523 523 523 523 523 523 523 523 523 523 523 523 523