Label=Anomalous
network[son<-parent]=
459<-459: 0.06532663316582915
333<-459: 0.005025125628140704
570<-333: 0.005025125628140704
87<-570: 0.005025125628140704
69<-87: 0.005025125628140704
158<-69: 0.005025125628140704
158<-158: 0.01507537688442211
557<-158: 0.02512562814070352
158<-557: 0.02512562814070352
212<-158: 0.005025125628140704
557<-212: 0.010050251256281407
557<-557: 0.07035175879396985
212<-557: 0.005025125628140704

nodeInfo=(Event,position embedding)
69: 69,33
459: 459,37
333: 333,36
557: 557,1
212: 212,3
87: 87,34
570: 570,35
158: 158,15


Sequence Order: 459 459 459 459 459 459 459 459 459 459 459 459 459 459 333 570 87 69 158 158 158 158 557 158 212 557 557 557 557 158 557 158 557 158 557 158 557 557 557 557 557 557 557 557 557 557 557 212 557 557