Label=Normal
network[son<-parent]=
557<-517: 0.005025125628140704
212<-557: 0.01507537688442211
557<-212: 0.01507537688442211
557<-557: 0.18090452261306533
523<-557: 0.005025125628140704
523<-523: 0.02512562814070352

nodeInfo=(Event,position embedding)
523: 523,1
557: 557,7
212: 212,24
517: 517,50


Sequence Order: 517 557 212 557 557 557 557 557 557 557 557 557 212 557 557 557 557 557 557 557 557 557 557 557 557 557 212 557 557 557 557 557 557 557 557 557 557 557 557 557 557 557 557 557 523 523 523 523 523 523