Label=Normal
network[son<-parent]=
270<-212: 0.005025125628140704
158<-270: 0.005025125628140704
158<-158: 0.005025125628140704
144<-158: 0.005025125628140704
144<-144: 0.005025125628140704
212<-144: 0.010050251256281407
144<-212: 0.005025125628140704
523<-212: 0.005025125628140704
570<-523: 0.005025125628140704
387<-570: 0.005025125628140704
387<-387: 0.035175879396984924
18<-387: 0.005025125628140704
18<-18: 0.1507537688442211

nodeInfo=(Event,position embedding)
387: 387,32
523: 523,41
270: 270,49
144: 144,43
18: 18,1
212: 212,42
570: 570,40
158: 158,47


Sequence Order: 212 270 158 158 144 144 212 144 212 523 570 387 387 387 387 387 387 387 387 18 18 18 18 18 18 18 18 18 18 18 18 18 18 18 18 18 18 18 18 18 18 18 18 18 18 18 18 18 18 18