Label=Normal
network[son<-parent]=
517<-557: 0.005025125628140704
158<-517: 0.005025125628140704
557<-158: 0.005025125628140704
557<-557: 0.22110552763819097
212<-557: 0.005025125628140704
557<-212: 0.005025125628140704

nodeInfo=(Event,position embedding)
517: 517,49
212: 212,23
557: 557,1
158: 158,48


Sequence Order: 557 517 158 557 557 557 557 557 557 557 557 557 557 557 557 557 557 557 557 557 557 557 557 557 557 557 557 212 557 557 557 557 557 557 557 557 557 557 557 557 557 557 557 557 557 557 557 557 557 557