Label=Normal
network[son<-parent]=
570<-158: 0.020100502512562814
557<-570: 0.01507537688442211
557<-557: 0.05527638190954774
212<-557: 0.04020100502512563
212<-212: 0.010050251256281407
158<-212: 0.01507537688442211
333<-212: 0.005025125628140704
333<-333: 0.010050251256281407
517<-333: 0.005025125628140704
158<-517: 0.010050251256281407
158<-158: 0.020100502512562814
517<-158: 0.005025125628140704
570<-570: 0.005025125628140704
158<-570: 0.005025125628140704
557<-158: 0.005025125628140704
557<-212: 0.020100502512562814

nodeInfo=(Event,position embedding)
517: 517,30
333: 333,38
557: 557,5
212: 212,3
570: 570,25
158: 158,1


Sequence Order: 158 570 557 557 212 212 158 570 557 212 333 333 333 517 158 570 557 212 158 158 517 158 158 158 570 570 158 557 557 557 557 557 557 212 557 557 212 557 212 557 557 557 557 212 557 557 212 212 158 158