Label=Normal
network[son<-parent]=
491<-491: 0.11557788944723618
158<-491: 0.005025125628140704
158<-158: 0.020100502512562814
333<-158: 0.005025125628140704
158<-333: 0.005025125628140704
570<-158: 0.005025125628140704
158<-570: 0.005025125628140704
557<-158: 0.010050251256281407
517<-557: 0.005025125628140704
557<-517: 0.005025125628140704
557<-557: 0.020100502512562814
158<-557: 0.005025125628140704
212<-557: 0.01507537688442211
557<-212: 0.010050251256281407
212<-212: 0.01507537688442211

nodeInfo=(Event,position embedding)
517: 517,16
491: 491,27
557: 557,5
333: 333,24
212: 212,1
570: 570,22
158: 158,11


Sequence Order: 491 491 491 491 491 491 491 491 491 491 491 491 491 491 491 491 491 491 491 491 491 491 491 491 158 158 333 158 570 158 158 158 158 557 517 557 557 557 557 158 557 557 212 557 212 557 212 212 212 212