Label=Normal
network[son<-parent]=
570<-158: 0.005025125628140704
158<-570: 0.005025125628140704
158<-158: 0.005025125628140704
557<-158: 0.005025125628140704
557<-557: 0.020100502512562814
212<-557: 0.005025125628140704
212<-212: 0.020100502512562814
464<-212: 0.005025125628140704
464<-464: 0.17587939698492464

nodeInfo=(Event,position embedding)
557: 557,42
464: 464,1
212: 212,37
570: 570,49
158: 158,47


Sequence Order: 158 570 158 158 557 557 557 557 557 212 212 212 212 212 464 464 464 464 464 464 464 464 464 464 464 464 464 464 464 464 464 464 464 464 464 464 464 464 464 464 464 464 464 464 464 464 464 464 464 464