Label=Normal
network[son<-parent]=
557<-158: 0.03015075376884422
557<-557: 0.04522613065326633
158<-557: 0.03015075376884422
212<-158: 0.020100502512562814
212<-212: 0.04020100502512563
557<-212: 0.035175879396984924
212<-557: 0.03015075376884422
158<-212: 0.01507537688442211

nodeInfo=(Event,position embedding)
212: 212,5
557: 557,1
158: 158,4


Sequence Order: 158 557 557 158 212 212 212 212 557 212 557 557 212 557 158 212 212 158 557 212 557 212 212 158 212 212 212 212 557 158 557 212 557 557 158 557 557 557 158 557 557 557 158 212 557 212 158 557 557 557