Label=Normal
network[son<-parent]=
557<-557: 0.01507537688442211
212<-557: 0.005025125628140704
144<-212: 0.005025125628140704
87<-144: 0.005025125628140704
392<-87: 0.005025125628140704
144<-392: 0.005025125628140704
144<-144: 0.035175879396984924
158<-144: 0.005025125628140704
158<-158: 0.11557788944723618
570<-158: 0.01507537688442211
158<-570: 0.01507537688442211
333<-158: 0.005025125628140704
411<-333: 0.005025125628140704
158<-411: 0.005025125628140704
570<-570: 0.005025125628140704

nodeInfo=(Event,position embedding)
392: 392,43
557: 557,47
333: 333,27
144: 144,35
212: 212,46
87: 87,44
570: 570,11
411: 411,26
158: 158,1


Sequence Order: 557 557 557 557 212 144 87 392 144 144 144 144 144 144 144 144 158 158 158 158 158 570 158 333 411 158 158 158 158 158 158 158 570 158 158 158 158 158 570 570 158 158 158 158 158 158 158 158 158 158