Label=Normal
network[son<-parent]=
546<-265: 0.04522613065326633
462<-546: 0.05025125628140704
265<-462: 0.05025125628140704
315<-265: 0.005025125628140704
315<-315: 0.02512562814070352
374<-315: 0.005025125628140704
185<-374: 0.005025125628140704
42<-185: 0.005025125628140704
7<-42: 0.005025125628140704
7<-7: 0.035175879396984924
360<-7: 0.005025125628140704
406<-360: 0.005025125628140704
546<-406: 0.005025125628140704

nodeInfo=(Event,position embedding)
546: 546,3
7: 7,18
360: 360,17
265: 265,1
42: 42,26
462: 462,2
374: 374,28
406: 406,16
185: 185,27
315: 315,29


Sequence Order: 265 546 462 265 546 462 265 546 462 265 546 462 265 546 462 265 315 315 315 315 315 315 374 185 42 7 7 7 7 7 7 7 7 360 406 546 462 265 546 462 265 546 462 265 546 462 265 546 462 265