Label=Normal
network[son<-parent]=
546<-265: 0.03015075376884422
462<-546: 0.035175879396984924
265<-462: 0.035175879396984924
546<-546: 0.02512562814070352
462<-462: 0.02512562814070352
265<-265: 0.01507537688442211
95<-265: 0.005025125628140704
546<-95: 0.005025125628140704
7<-265: 0.005025125628140704
7<-7: 0.035175879396984924
546<-7: 0.005025125628140704
265<-546: 0.010050251256281407
462<-265: 0.010050251256281407
546<-462: 0.005025125628140704

nodeInfo=(Event,position embedding)
546: 546,2
7: 7,18
265: 265,3
462: 462,1
95: 95,38


Sequence Order: 265 546 462 265 546 546 546 462 462 462 265 265 95 546 462 265 546 462 265 546 546 462 462 265 265 7 7 7 7 7 7 7 7 546 546 462 462 265 546 265 462 546 546 265 462 462 265 265 546 462