Label=Normal
network[son<-parent]=
265<-462: 0.04020100502512563
546<-265: 0.035175879396984924
462<-546: 0.04020100502512563
95<-462: 0.005025125628140704
546<-95: 0.005025125628140704
158<-265: 0.005025125628140704
570<-158: 0.005025125628140704
557<-570: 0.005025125628140704
557<-557: 0.10050251256281408
144<-557: 0.005025125628140704

nodeInfo=(Event,position embedding)
546: 546,27
265: 265,25
557: 557,2
462: 462,26
144: 144,1
570: 570,23
158: 158,24
95: 95,40


Sequence Order: 462 265 546 462 265 546 462 265 546 462 95 546 462 265 546 462 265 546 462 265 546 462 265 546 462 265 158 570 557 557 557 557 557 557 557 557 557 557 557 557 557 557 557 557 557 557 557 557 557 144