Label=Normal
network[son<-parent]=
546<-95: 0.005025125628140704
462<-546: 0.07537688442211055
265<-462: 0.06532663316582915
546<-265: 0.07537688442211055
546<-462: 0.005025125628140704
265<-546: 0.005025125628140704
462<-462: 0.005025125628140704
95<-462: 0.005025125628140704
265<-95: 0.005025125628140704

nodeInfo=(Event,position embedding)
265: 265,2
546: 546,1
462: 462,4
95: 95,3


Sequence Order: 95 546 462 265 546 462 265 546 462 265 546 462 265 546 462 265 546 462 265 546 462 265 546 462 265 546 462 265 546 462 265 546 462 265 546 462 265 546 462 265 546 462 546 265 546 462 462 95 265 546