Label=Normal
network[son<-parent]=
546<-265: 0.07537688442211055
462<-546: 0.07537688442211055
95<-462: 0.005025125628140704
546<-95: 0.005025125628140704
265<-462: 0.07035175879396985
546<-546: 0.005025125628140704
462<-462: 0.005025125628140704
265<-265: 0.005025125628140704

nodeInfo=(Event,position embedding)
265: 265,2
546: 546,1
462: 462,3
95: 95,47


Sequence Order: 265 546 462 95 546 462 265 546 462 265 546 462 265 546 462 265 546 462 265 546 462 265 546 462 265 546 462 265 546 462 265 546 462 265 546 462 265 546 546 462 462 265 265 546 462 265 546 462 265 546