Label=Normal
network[son<-parent]=
546<-265: 0.07035175879396985
462<-546: 0.07035175879396985
265<-462: 0.06532663316582915
95<-462: 0.005025125628140704
546<-95: 0.005025125628140704
546<-462: 0.010050251256281407
265<-546: 0.010050251256281407
462<-265: 0.010050251256281407

nodeInfo=(Event,position embedding)
265: 265,2
546: 546,1
462: 462,3
95: 95,38


Sequence Order: 265 546 462 265 546 462 265 546 462 265 546 462 95 546 462 265 546 462 546 265 462 265 546 462 265 546 462 546 265 462 265 546 462 265 546 462 265 546 462 265 546 462 265 546 462 265 546 462 265 546