Label=Normal
network[son<-parent]=
546<-462: 0.005025125628140704
265<-546: 0.005025125628140704
462<-265: 0.005025125628140704
265<-462: 0.05527638190954774
265<-265: 0.010050251256281407
546<-265: 0.05527638190954774
462<-546: 0.05527638190954774
546<-546: 0.010050251256281407
462<-462: 0.010050251256281407
95<-462: 0.005025125628140704
265<-95: 0.005025125628140704
158<-265: 0.005025125628140704
570<-158: 0.005025125628140704
158<-570: 0.005025125628140704
557<-158: 0.005025125628140704
557<-557: 0.005025125628140704

nodeInfo=(Event,position embedding)
546: 546,8
265: 265,6
557: 557,1
462: 462,7
570: 570,4
158: 158,3
95: 95,13


Sequence Order: 462 546 265 462 265 265 546 462 265 546 462 265 546 462 265 546 462 265 546 546 462 462 265 265 546 462 265 546 462 265 546 462 265 546 546 462 462 95 265 546 462 265 546 462 265 158 570 158 557 557