Label=Anomalous
network[son<-parent]=
557<-557: 0.020100502512562814
212<-557: 0.005025125628140704
144<-212: 0.010050251256281407
570<-144: 0.005025125628140704
158<-570: 0.005025125628140704
158<-158: 0.01507537688442211
144<-158: 0.005025125628140704
144<-144: 0.1507537688442211
212<-144: 0.005025125628140704
61<-144: 0.005025125628140704
61<-61: 0.005025125628140704
541<-61: 0.005025125628140704
541<-541: 0.005025125628140704
158<-541: 0.005025125628140704

nodeInfo=(Event,position embedding)
541: 541,4
557: 557,46
144: 144,8
212: 212,35
570: 570,43
61: 61,6
158: 158,1


Sequence Order: 557 557 557 557 557 212 144 570 158 158 144 144 144 144 144 212 144 144 144 144 144 144 144 144 144 144 144 144 144 144 144 144 144 144 144 144 144 144 144 144 144 144 144 61 61 541 541 158 158 158