Label=Normal
network[son<-parent]=
523<-333: 0.10552763819095477
333<-523: 0.10552763819095477
158<-333: 0.005025125628140704
523<-158: 0.005025125628140704
523<-523: 0.010050251256281407
333<-333: 0.01507537688442211

nodeInfo=(Event,position embedding)
523: 523,1
333: 333,2
158: 158,43


Sequence Order: 333 523 333 523 333 523 333 158 523 523 333 523 333 523 333 523 333 523 333 523 333 523 333 523 333 333 523 333 523 333 523 333 523 333 523 333 523 333 523 333 523 523 333 523 333 333 523 333 333 523