Label=Normal
network[son<-parent]=
523<-212: 0.005025125628140704
523<-523: 0.05527638190954774
557<-523: 0.05527638190954774
523<-557: 0.06532663316582915
517<-523: 0.01507537688442211
517<-517: 0.005025125628140704
523<-517: 0.010050251256281407
557<-557: 0.020100502512562814
557<-517: 0.005025125628140704
212<-523: 0.005025125628140704
557<-212: 0.005025125628140704

nodeInfo=(Event,position embedding)
517: 517,10
523: 523,1
212: 212,4
557: 557,3


Sequence Order: 212 523 523 523 523 523 557 523 517 517 523 557 523 557 523 557 557 523 557 523 557 523 557 557 523 523 557 557 523 557 523 523 523 523 523 557 523 523 517 523 517 557 523 557 557 523 212 557 523 523