Label=Anomalous
network[son<-parent]=
541<-61: 0.01507537688442211
61<-541: 0.01507537688442211
517<-61: 0.010050251256281407
61<-517: 0.010050251256281407
61<-61: 0.06030150753768844
160<-61: 0.005025125628140704
160<-160: 0.06030150753768844
541<-160: 0.02512562814070352
541<-541: 0.02512562814070352
160<-541: 0.020100502512562814

nodeInfo=(Event,position embedding)
160: 160,3
541: 541,1
517: 517,34
61: 61,28


Sequence Order: 61 541 61 517 61 61 61 61 61 61 61 541 61 61 61 61 517 61 61 541 61 61 61 160 160 541 541 541 541 160 541 160 160 541 160 541 541 160 160 160 160 160 160 160 160 160 160 160 541 541