Label=Normal
network[son<-parent]=
158<-158: 0.01507537688442211
570<-158: 0.005025125628140704
158<-570: 0.005025125628140704
557<-158: 0.01507537688442211
557<-557: 0.1507537688442211
158<-557: 0.010050251256281407
212<-557: 0.020100502512562814
557<-212: 0.020100502512562814
212<-212: 0.005025125628140704

nodeInfo=(Event,position embedding)
570: 570,48
212: 212,12
557: 557,1
158: 158,33


Sequence Order: 158 158 570 158 158 158 557 557 557 557 557 158 557 557 557 212 557 158 557 557 557 557 557 557 557 557 212 557 212 212 557 557 557 557 557 557 557 557 212 557 557 557 557 557 557 557 557 557 557 557