Label=Normal
network[son<-parent]=
557<-212: 0.02512562814070352
557<-557: 0.08542713567839195
158<-557: 0.02512562814070352
158<-158: 0.010050251256281407
333<-158: 0.005025125628140704
557<-333: 0.005025125628140704
212<-557: 0.02512562814070352
212<-212: 0.005025125628140704
158<-212: 0.005025125628140704
411<-158: 0.005025125628140704
557<-411: 0.020100502512562814
557<-158: 0.01507537688442211
411<-557: 0.01507537688442211

nodeInfo=(Event,position embedding)
333: 333,38
557: 557,2
212: 212,16
411: 411,5
158: 158,1


Sequence Order: 212 557 557 557 557 557 557 557 557 557 158 158 333 557 557 212 557 557 212 212 557 212 158 158 411 557 212 557 557 557 158 557 411 557 212 557 557 158 557 411 557 557 557 158 557 411 557 557 557 158