Label=Normal
network[son<-parent]=
212<-557: 0.020100502512562814
158<-212: 0.005025125628140704
557<-158: 0.02512562814070352
557<-557: 0.1457286432160804
557<-212: 0.020100502512562814
158<-557: 0.02512562814070352
212<-158: 0.005025125628140704

nodeInfo=(Event,position embedding)
212: 212,19
557: 557,1
158: 158,10


Sequence Order: 557 212 158 557 557 557 557 212 557 158 557 557 557 557 557 557 557 557 158 212 557 557 557 557 212 557 557 158 557 557 557 212 557 557 158 557 557 557 557 557 158 557 557 557 557 557 557 557 557 557