Label=Anomalous
network[son<-parent]=
557<-557: 0.06532663316582915
158<-557: 0.005025125628140704
158<-158: 0.005025125628140704
570<-158: 0.005025125628140704
570<-570: 0.005025125628140704
158<-570: 0.005025125628140704
557<-158: 0.005025125628140704
212<-557: 0.005025125628140704
212<-212: 0.010050251256281407
488<-212: 0.005025125628140704
488<-488: 0.005025125628140704
362<-488: 0.005025125628140704
58<-362: 0.005025125628140704
58<-58: 0.01507537688442211
486<-58: 0.005025125628140704
486<-486: 0.08542713567839195
362<-486: 0.005025125628140704
486<-362: 0.005025125628140704

nodeInfo=(Event,position embedding)
58: 58,21
486: 486,1
488: 488,26
362: 362,4
557: 557,31
212: 212,28
570: 570,35
158: 158,34


Sequence Order: 557 557 557 557 557 557 557 557 557 557 557 557 158 158 570 570 158 557 557 557 212 212 212 488 488 362 58 58 58 58 486 486 486 486 486 486 486 486 486 486 486 486 486 486 486 486 362 486 486 486