Label=Normal
network[son<-parent]=
42<-186: 0.010050251256281407
42<-42: 0.1306532663316583
186<-42: 0.010050251256281407
185<-186: 0.005025125628140704
185<-185: 0.06532663316582915
51<-185: 0.005025125628140704
362<-51: 0.005025125628140704
185<-362: 0.005025125628140704
201<-185: 0.005025125628140704
185<-201: 0.005025125628140704

nodeInfo=(Event,position embedding)
201: 201,3
42: 42,21
362: 362,16
51: 51,17
185: 185,1
186: 186,20


Sequence Order: 186 42 42 42 42 42 42 42 42 42 42 42 42 42 42 42 42 42 42 42 42 42 42 42 42 42 186 42 42 42 186 185 185 51 362 185 185 185 185 185 185 185 185 185 185 185 185 201 185 185