Label=Normal
network[son<-parent]=
186<-186: 0.005025125628140704
51<-186: 0.005025125628140704
42<-51: 0.005025125628140704
42<-42: 0.18592964824120603
176<-42: 0.005025125628140704
406<-176: 0.005025125628140704
42<-406: 0.005025125628140704
546<-42: 0.005025125628140704
462<-546: 0.010050251256281407
265<-462: 0.010050251256281407
546<-265: 0.005025125628140704

nodeInfo=(Event,position embedding)
546: 546,3
265: 265,1
42: 42,7
462: 462,2
176: 176,29
51: 51,48
406: 406,28
186: 186,49


Sequence Order: 186 186 51 42 42 42 42 42 42 42 42 42 42 42 42 42 42 42 42 42 42 176 406 42 42 42 42 42 42 42 42 42 42 42 42 42 42 42 42 42 42 42 42 42 546 462 265 546 462 265