Label=Normal
network[son<-parent]=
546<-265: 0.03015075376884422
462<-546: 0.03015075376884422
265<-462: 0.03015075376884422
546<-546: 0.005025125628140704
546<-462: 0.005025125628140704
265<-546: 0.005025125628140704
462<-265: 0.005025125628140704
462<-462: 0.005025125628140704
265<-265: 0.005025125628140704
315<-265: 0.005025125628140704
315<-315: 0.06532663316582915
287<-315: 0.005025125628140704
500<-287: 0.005025125628140704
500<-500: 0.02512562814070352
406<-500: 0.010050251256281407
500<-406: 0.010050251256281407

nodeInfo=(Event,position embedding)
546: 546,31
265: 265,26
462: 462,28
500: 500,1
406: 406,2
315: 315,12
287: 287,11


Sequence Order: 265 546 462 265 546 462 265 546 462 265 546 462 265 546 462 265 546 546 462 546 265 462 462 265 265 315 315 315 315 315 315 315 315 315 315 315 315 315 315 287 500 500 500 406 500 500 500 500 406 500