Label=Normal
network[son<-parent]=
201<-265: 0.010050251256281407
546<-201: 0.005025125628140704
546<-546: 0.01507537688442211
462<-546: 0.06532663316582915
265<-462: 0.07537688442211055
462<-265: 0.010050251256281407
546<-265: 0.05527638190954774
439<-201: 0.005025125628140704
546<-439: 0.005025125628140704

nodeInfo=(Event,position embedding)
546: 546,3
265: 265,1
201: 201,18
462: 462,2
439: 439,17


Sequence Order: 265 201 546 546 462 265 462 265 546 462 265 546 462 265 546 462 265 546 462 265 546 462 265 546 546 462 265 462 265 546 462 265 201 439 546 546 462 265 546 462 265 546 462 265 546 462 265 546 462 265