Label=Normal
network[son<-parent]=
360<-265: 0.005025125628140704
406<-360: 0.005025125628140704
546<-406: 0.005025125628140704
546<-546: 0.01507537688442211
462<-546: 0.05025125628140704
462<-462: 0.01507537688442211
546<-462: 0.020100502512562814
265<-462: 0.04020100502512563
265<-265: 0.020100502512562814
546<-265: 0.04020100502512563
265<-546: 0.01507537688442211
462<-265: 0.01507537688442211

nodeInfo=(Event,position embedding)
546: 546,2
360: 360,49
265: 265,3
462: 462,1
406: 406,48


Sequence Order: 265 360 406 546 546 546 546 462 462 462 462 546 462 265 265 265 265 265 546 462 546 265 462 265 546 462 546 265 462 265 546 462 265 546 462 265 546 462 265 546 462 546 265 462 265 546 462 265 546 462