Label=Normal
network[son<-parent]=
462<-546: 0.05025125628140704
265<-462: 0.05025125628140704
546<-265: 0.035175879396984924
546<-462: 0.005025125628140704
265<-546: 0.005025125628140704
462<-265: 0.005025125628140704
315<-265: 0.01507537688442211
315<-315: 0.06532663316582915
546<-315: 0.01507537688442211

nodeInfo=(Event,position embedding)
265: 265,2
546: 546,1
315: 315,14
462: 462,3


Sequence Order: 546 462 265 546 462 265 546 462 546 265 462 265 546 462 265 315 315 546 462 265 315 315 315 315 315 315 315 315 546 462 265 315 315 315 315 315 315 546 462 265 546 462 265 546 462 265 546 462 265 546