Label=Anomalous
network[son<-parent]=
464<-464: 0.19095477386934673
557<-464: 0.005025125628140704
212<-557: 0.010050251256281407
464<-212: 0.005025125628140704
158<-464: 0.005025125628140704
557<-158: 0.005025125628140704
116<-212: 0.005025125628140704
549<-116: 0.005025125628140704
344<-549: 0.005025125628140704
5<-344: 0.005025125628140704
246<-5: 0.005025125628140704

nodeInfo=(Event,position embedding)
549: 549,4
5: 5,2
557: 557,7
464: 464,9
116: 116,5
212: 212,6
246: 246,1
344: 344,3
158: 158,8


Sequence Order: 464 464 464 464 464 464 464 464 464 464 464 464 464 464 464 464 464 464 464 464 464 464 464 464 464 464 464 464 464 464 464 464 464 464 464 464 464 464 464 557 212 464 158 557 212 116 549 344 5 246