Label=Normal
network[son<-parent]=
557<-557: 0.1407035175879397
19<-557: 0.005025125628140704
333<-19: 0.005025125628140704
158<-333: 0.005025125628140704
557<-158: 0.005025125628140704
144<-557: 0.005025125628140704
333<-144: 0.005025125628140704
333<-333: 0.02512562814070352
517<-333: 0.005025125628140704
517<-517: 0.005025125628140704
10<-517: 0.005025125628140704
18<-10: 0.005025125628140704
18<-18: 0.03015075376884422

nodeInfo=(Event,position embedding)
517: 517,9
10: 10,8
333: 333,11
557: 557,18
144: 144,17
18: 18,1
19: 19,21
158: 158,19


Sequence Order: 557 557 557 557 557 557 557 557 557 557 557 557 557 557 557 557 557 557 557 557 557 557 557 557 557 557 557 557 557 19 333 158 557 144 333 333 333 333 333 333 517 517 10 18 18 18 18 18 18 18