Label=Normal
network[son<-parent]=
158<-557: 0.005025125628140704
158<-158: 0.03015075376884422
557<-158: 0.010050251256281407
557<-557: 0.07537688442211055
570<-557: 0.005025125628140704
158<-570: 0.010050251256281407
212<-158: 0.005025125628140704
212<-212: 0.020100502512562814
557<-212: 0.02512562814070352
212<-557: 0.02512562814070352
569<-212: 0.005025125628140704
158<-569: 0.005025125628140704
333<-158: 0.005025125628140704
158<-333: 0.005025125628140704
570<-158: 0.005025125628140704
517<-557: 0.005025125628140704
557<-517: 0.005025125628140704

nodeInfo=(Event,position embedding)
517: 517,16
557: 557,1
333: 333,25
212: 212,6
569: 569,31
570: 570,23
158: 158,22


Sequence Order: 557 158 158 557 557 570 158 158 212 212 557 557 557 212 557 557 557 557 212 569 158 158 158 158 158 333 158 570 158 557 557 557 557 557 517 557 557 212 557 212 212 557 212 212 212 557 557 557 557 557