Label=Normal
network[son<-parent]=
66<-451: 0.005025125628140704
216<-66: 0.005025125628140704
105<-216: 0.005025125628140704
105<-105: 0.010050251256281407
73<-105: 0.005025125628140704
73<-73: 0.005025125628140704
105<-73: 0.005025125628140704
19<-105: 0.005025125628140704
19<-19: 0.005025125628140704
517<-19: 0.005025125628140704
19<-517: 0.005025125628140704
158<-19: 0.005025125628140704
557<-158: 0.005025125628140704
557<-557: 0.005025125628140704
144<-557: 0.005025125628140704
18<-144: 0.005025125628140704
18<-18: 0.16080402010050251

nodeInfo=(Event,position embedding)
66: 66,49
451: 451,50
517: 517,39
105: 105,42
73: 73,44
557: 557,35
144: 144,34
18: 18,1
19: 19,38
216: 216,48
158: 158,37


Sequence Order: 451 66 216 105 105 73 73 105 105 19 19 517 19 158 557 557 144 18 18 18 18 18 18 18 18 18 18 18 18 18 18 18 18 18 18 18 18 18 18 18 18 18 18 18 18 18 18 18 18 18