Label=Normal
network[son<-parent]=
524<-523: 0.035175879396984924
523<-524: 0.02512562814070352
17<-523: 0.035175879396984924
523<-17: 0.035175879396984924
523<-523: 0.04522613065326633
524<-524: 0.005025125628140704
98<-523: 0.01507537688442211
523<-98: 0.020100502512562814
98<-524: 0.005025125628140704
17<-524: 0.005025125628140704
17<-17: 0.020100502512562814

nodeInfo=(Event,position embedding)
17: 17,1
98: 98,18
523: 523,4
524: 524,16


Sequence Order: 523 524 523 524 523 17 523 523 523 524 523 524 523 17 523 523 523 524 524 523 17 523 523 523 523 98 523 98 523 98 523 524 98 523 524 17 523 17 17 17 523 17 523 523 523 17 523 17 17 17