Label=Normal
network[son<-parent]=
333<-557: 0.005025125628140704
333<-333: 0.01507537688442211
212<-333: 0.005025125628140704
212<-212: 0.005025125628140704
517<-212: 0.005025125628140704
517<-517: 0.005025125628140704
333<-517: 0.005025125628140704
144<-333: 0.005025125628140704
144<-144: 0.005025125628140704
523<-144: 0.005025125628140704
523<-523: 0.18592964824120603

nodeInfo=(Event,position embedding)
517: 517,44
523: 523,1
333: 333,41
557: 557,50
144: 144,39
212: 212,46


Sequence Order: 557 333 333 212 212 517 517 333 333 333 144 144 523 523 523 523 523 523 523 523 523 523 523 523 523 523 523 523 523 523 523 523 523 523 523 523 523 523 523 523 523 523 523 523 523 523 523 523 523 523