Label=Normal
network[son<-parent]=
523<-524: 0.005025125628140704
17<-523: 0.02512562814070352
98<-17: 0.020100502512562814
523<-98: 0.07537688442211055
98<-523: 0.04522613065326633
98<-98: 0.005025125628140704
524<-523: 0.01507537688442211
98<-524: 0.02512562814070352
17<-17: 0.005025125628140704
524<-98: 0.010050251256281407
523<-523: 0.005025125628140704
523<-17: 0.005025125628140704
17<-98: 0.005025125628140704

nodeInfo=(Event,position embedding)
17: 17,1
98: 98,3
523: 523,2
524: 524,4


Sequence Order: 524 523 17 98 523 98 98 523 98 523 524 98 523 17 17 98 523 524 98 523 17 98 523 98 523 98 524 98 523 523 17 523 524 98 523 98 17 98 523 98 523 98 523 98 523 98 524 98 523 17