Label=Normal
network[son<-parent]=
158<-570: 0.005025125628140704
557<-158: 0.01507537688442211
212<-557: 0.020100502512562814
557<-212: 0.01507537688442211
557<-557: 0.11055276381909548
158<-212: 0.005025125628140704
158<-158: 0.07035175879396985
158<-557: 0.005025125628140704

nodeInfo=(Event,position embedding)
570: 570,50
212: 212,7
557: 557,1
158: 158,13


Sequence Order: 570 158 557 212 557 557 557 557 212 557 557 557 557 557 557 557 557 557 557 212 158 158 158 158 158 158 158 557 557 158 158 158 158 158 158 158 158 158 557 557 557 557 557 212 557 557 557 557 557 557