Label=Normal
network[son<-parent]=
158<-212: 0.035175879396984924
557<-158: 0.035175879396984924
212<-557: 0.04522613065326633
333<-158: 0.005025125628140704
158<-333: 0.005025125628140704
517<-557: 0.005025125628140704
570<-517: 0.005025125628140704
158<-570: 0.005025125628140704
158<-158: 0.03015075376884422
557<-212: 0.01507537688442211
557<-557: 0.04020100502512563
212<-212: 0.020100502512562814

nodeInfo=(Event,position embedding)
517: 517,36
333: 333,39
557: 557,5
212: 212,3
570: 570,35
158: 158,1


Sequence Order: 212 158 557 212 158 557 212 158 557 212 158 333 158 557 517 570 158 158 557 212 557 557 212 557 212 557 557 557 557 212 158 158 158 158 557 557 557 557 212 212 212 212 158 158 557 557 212 212 158 158