Label=Anomalous
network[son<-parent]=
171<-171: 0.07035175879396985
70<-171: 0.005025125628140704
70<-70: 0.035175879396984924
431<-70: 0.005025125628140704
374<-431: 0.005025125628140704
185<-374: 0.005025125628140704
431<-185: 0.005025125628140704
74<-431: 0.005025125628140704
123<-74: 0.005025125628140704
360<-123: 0.005025125628140704
406<-360: 0.005025125628140704
546<-406: 0.005025125628140704
462<-546: 0.03015075376884422
265<-462: 0.03015075376884422
546<-265: 0.03015075376884422

nodeInfo=(Event,position embedding)
546: 546,1
70: 70,28
360: 360,21
265: 265,2
74: 74,23
171: 171,36
462: 462,3
431: 431,24
374: 374,26
406: 406,20
185: 185,25
123: 123,22


Sequence Order: 171 171 171 171 171 171 171 171 171 171 171 171 171 171 171 70 70 70 70 70 70 70 70 431 374 185 431 74 123 360 406 546 462 265 546 462 265 546 462 265 546 462 265 546 462 265 546 462 265 546