Label=Anomalous
network[son<-parent]=
546<-265: 0.03015075376884422
462<-546: 0.03015075376884422
265<-462: 0.03015075376884422
315<-265: 0.005025125628140704
315<-315: 0.06532663316582915
144<-315: 0.005025125628140704
144<-144: 0.035175879396984924
43<-144: 0.010050251256281407
43<-43: 0.010050251256281407
144<-43: 0.010050251256281407
158<-144: 0.005025125628140704
557<-158: 0.005025125628140704
144<-557: 0.005025125628140704

nodeInfo=(Event,position embedding)
546: 546,34
265: 265,32
43: 43,10
557: 557,4
462: 462,33
144: 144,1
315: 315,18
158: 158,5


Sequence Order: 265 546 462 265 546 462 265 546 462 265 546 462 265 546 462 265 546 462 265 315 315 315 315 315 315 315 315 315 315 315 315 315 315 144 144 43 43 144 144 43 43 144 144 144 144 158 557 144 144 144