Label=Normal
network[son<-parent]=
158<-212: 0.04020100502512563
158<-158: 0.010050251256281407
570<-158: 0.005025125628140704
158<-570: 0.005025125628140704
557<-158: 0.04020100502512563
557<-557: 0.08542713567839195
212<-557: 0.035175879396984924
212<-212: 0.010050251256281407
158<-557: 0.005025125628140704
212<-158: 0.005025125628140704
557<-212: 0.005025125628140704

nodeInfo=(Event,position embedding)
570: 570,47
212: 212,4
557: 557,1
158: 158,2


Sequence Order: 212 158 158 570 158 557 557 557 212 212 212 158 557 212 158 557 212 158 557 212 158 557 212 158 557 158 212 158 557 557 212 557 557 557 557 557 557 557 557 557 557 557 557 557 557 557 212 158 158 557