Label=Normal
network[son<-parent]=
158<-212: 0.010050251256281407
158<-158: 0.010050251256281407
557<-158: 0.010050251256281407
557<-557: 0.035175879396984924
212<-557: 0.020100502512562814
557<-212: 0.010050251256281407
523<-212: 0.005025125628140704
523<-523: 0.1457286432160804

nodeInfo=(Event,position embedding)
523: 523,1
212: 212,31
557: 557,32
158: 158,34


Sequence Order: 212 158 158 158 557 557 557 557 557 212 557 557 212 557 557 212 158 557 557 212 523 523 523 523 523 523 523 523 523 523 523 523 523 523 523 523 523 523 523 523 523 523 523 523 523 523 523 523 523 523