Label=Normal
network[son<-parent]=
557<-212: 0.010050251256281407
212<-557: 0.03015075376884422
570<-212: 0.02512562814070352
158<-570: 0.035175879396984924
158<-158: 0.02512562814070352
570<-158: 0.02512562814070352
557<-158: 0.01507537688442211
557<-557: 0.035175879396984924
212<-212: 0.02512562814070352
557<-570: 0.010050251256281407
158<-557: 0.005025125628140704
212<-570: 0.005025125628140704

nodeInfo=(Event,position embedding)
570: 570,6
212: 212,1
557: 557,2
158: 158,5


Sequence Order: 212 557 212 570 158 158 570 158 158 557 557 557 557 212 212 212 212 570 158 158 570 557 557 212 212 570 158 557 158 570 212 557 212 570 158 158 570 557 557 212 212 570 158 158 570 158 557 557 557 212