Label=Normal
network[son<-parent]=
557<-557: 0.06532663316582915
212<-557: 0.010050251256281407
557<-212: 0.005025125628140704
570<-212: 0.005025125628140704
557<-570: 0.005025125628140704
144<-557: 0.005025125628140704
158<-144: 0.010050251256281407
158<-158: 0.020100502512562814
144<-158: 0.005025125628140704
570<-158: 0.005025125628140704
144<-570: 0.005025125628140704
144<-144: 0.07035175879396985
212<-144: 0.01507537688442211
144<-212: 0.01507537688442211
212<-212: 0.005025125628140704

nodeInfo=(Event,position embedding)
557: 557,32
144: 144,1
212: 212,4
570: 570,23
158: 158,24


Sequence Order: 557 557 557 557 212 557 557 557 212 570 557 557 557 557 557 557 557 557 557 144 158 158 158 158 144 158 158 570 144 144 144 212 144 144 144 212 144 144 144 144 144 144 144 144 144 212 212 144 144 144