Label=Normal
network[son<-parent]=
557<-158: 0.005025125628140704
557<-557: 0.010050251256281407
212<-557: 0.010050251256281407
557<-212: 0.005025125628140704
523<-212: 0.005025125628140704
523<-523: 0.21105527638190955

nodeInfo=(Event,position embedding)
523: 523,1
212: 212,44
557: 557,45
158: 158,50


Sequence Order: 158 557 557 212 557 557 212 523 523 523 523 523 523 523 523 523 523 523 523 523 523 523 523 523 523 523 523 523 523 523 523 523 523 523 523 523 523 523 523 523 523 523 523 523 523 523 523 523 523 523