Label=Normal
network[son<-parent]=
546<-265: 0.010050251256281407
462<-546: 0.010050251256281407
265<-462: 0.010050251256281407
315<-265: 0.005025125628140704
315<-315: 0.02512562814070352
144<-315: 0.005025125628140704
523<-144: 0.005025125628140704
523<-523: 0.17587939698492464

nodeInfo=(Event,position embedding)
546: 546,46
265: 265,44
523: 523,1
462: 462,45
144: 144,37
315: 315,38


Sequence Order: 265 546 462 265 546 462 265 315 315 315 315 315 315 144 523 523 523 523 523 523 523 523 523 523 523 523 523 523 523 523 523 523 523 523 523 523 523 523 523 523 523 523 523 523 523 523 523 523 523 523