Label=Normal
network[son<-parent]=
557<-212: 0.020100502512562814
557<-557: 0.19095477386934673
212<-557: 0.020100502512562814
158<-212: 0.005025125628140704
158<-158: 0.005025125628140704
557<-158: 0.005025125628140704

nodeInfo=(Event,position embedding)
212: 212,5
557: 557,1
158: 158,3


Sequence Order: 212 557 557 557 557 557 557 557 557 557 557 557 557 557 557 557 557 557 557 557 212 557 557 557 557 557 557 557 557 557 557 557 212 557 557 557 557 557 557 557 212 557 557 557 557 212 158 158 557 557