Label=Normal
network[son<-parent]=
18<-18: 0.12060301507537688
570<-18: 0.005025125628140704
570<-570: 0.005025125628140704
158<-570: 0.010050251256281407
557<-158: 0.01507537688442211
557<-557: 0.035175879396984924
212<-557: 0.010050251256281407
570<-212: 0.010050251256281407
144<-570: 0.005025125628140704
523<-144: 0.005025125628140704
158<-523: 0.005025125628140704
144<-557: 0.005025125628140704
158<-144: 0.005025125628140704
158<-158: 0.010050251256281407

nodeInfo=(Event,position embedding)
523: 523,8
557: 557,5
144: 144,4
18: 18,26
212: 212,11
570: 570,10
158: 158,1


Sequence Order: 18 18 18 18 18 18 18 18 18 18 18 18 18 18 18 18 18 18 18 18 18 18 18 18 18 570 570 158 557 557 557 557 557 557 557 212 570 158 557 212 570 144 523 158 557 557 144 158 158 158