Label=Normal
network[son<-parent]=
158<-523: 0.005025125628140704
570<-158: 0.005025125628140704
570<-570: 0.005025125628140704
557<-570: 0.005025125628140704
557<-557: 0.005025125628140704
212<-557: 0.005025125628140704
144<-212: 0.005025125628140704
144<-144: 0.005025125628140704
523<-144: 0.005025125628140704
523<-523: 0.20100502512562815

nodeInfo=(Event,position embedding)
523: 523,1
557: 557,45
144: 144,42
212: 212,44
570: 570,47
158: 158,49


Sequence Order: 523 158 570 570 557 557 212 144 144 523 523 523 523 523 523 523 523 523 523 523 523 523 523 523 523 523 523 523 523 523 523 523 523 523 523 523 523 523 523 523 523 523 523 523 523 523 523 523 523 523