Label=Normal
network[son<-parent]=
212<-557: 0.02512562814070352
557<-212: 0.01507537688442211
557<-557: 0.1407035175879397
523<-212: 0.005025125628140704
158<-523: 0.005025125628140704
517<-158: 0.005025125628140704
158<-517: 0.005025125628140704
158<-158: 0.010050251256281407
557<-158: 0.01507537688442211
158<-557: 0.005025125628140704
570<-212: 0.005025125628140704
158<-570: 0.005025125628140704
212<-212: 0.005025125628140704

nodeInfo=(Event,position embedding)
517: 517,36
523: 523,38
557: 557,1
212: 212,10
570: 570,27
158: 158,26


Sequence Order: 557 212 557 557 557 557 557 557 557 557 557 212 523 158 517 158 158 158 557 158 557 557 212 570 158 557 557 557 557 557 557 557 212 557 557 557 557 557 557 212 212 557 557 557 557 557 557 557 557 557