Label=Normal
network[son<-parent]=
557<-158: 0.010050251256281407
212<-557: 0.005025125628140704
144<-212: 0.005025125628140704
144<-144: 0.01507537688442211
158<-144: 0.010050251256281407
158<-158: 0.05527638190954774
557<-557: 0.08040201005025126
144<-557: 0.035175879396984924
557<-144: 0.03015075376884422

nodeInfo=(Event,position embedding)
144: 144,6
212: 212,48
557: 557,8
158: 158,1


Sequence Order: 158 557 212 144 144 158 158 158 158 158 158 158 158 557 557 557 557 557 557 557 557 144 557 144 557 557 144 144 557 557 144 557 557 557 557 557 557 144 557 144 557 557 557 144 144 158 158 158 158 158