Label=Normal
network[son<-parent]=
557<-557: 0.07537688442211055
212<-557: 0.005025125628140704
144<-212: 0.005025125628140704
144<-144: 0.01507537688442211
523<-144: 0.005025125628140704
523<-523: 0.035175879396984924
158<-523: 0.005025125628140704
158<-158: 0.05527638190954774
557<-158: 0.010050251256281407
570<-557: 0.005025125628140704
570<-570: 0.005025125628140704
557<-570: 0.005025125628140704
144<-557: 0.010050251256281407
158<-144: 0.005025125628140704
557<-144: 0.005025125628140704

nodeInfo=(Event,position embedding)
523: 523,35
557: 557,1
144: 144,3
212: 212,45
570: 570,30
158: 158,16


Sequence Order: 557 557 557 557 557 212 144 144 523 523 523 523 523 523 523 523 158 158 557 570 570 557 144 144 158 158 158 158 158 158 158 158 158 158 158 557 557 557 557 557 557 557 557 557 557 557 144 144 557 557