Label=Normal
network[son<-parent]=
300<-259: 0.005025125628140704
170<-300: 0.005025125628140704
213<-170: 0.005025125628140704
213<-213: 0.04522613065326633
357<-213: 0.010050251256281407
213<-357: 0.010050251256281407
19<-213: 0.005025125628140704
523<-19: 0.005025125628140704
523<-523: 0.15577889447236182

nodeInfo=(Event,position embedding)
259: 259,50
357: 357,37
170: 170,48
523: 523,1
300: 300,49
19: 19,33
213: 213,34


Sequence Order: 259 300 170 213 213 213 213 213 213 213 357 213 213 357 213 213 213 19 523 523 523 523 523 523 523 523 523 523 523 523 523 523 523 523 523 523 523 523 523 523 523 523 523 523 523 523 523 523 523 523