Label=Anomalous
network[son<-parent]=
377<-5: 0.005025125628140704
30<-377: 0.005025125628140704
353<-30: 0.005025125628140704
279<-353: 0.005025125628140704
213<-279: 0.005025125628140704
213<-213: 0.10050251256281408
357<-213: 0.010050251256281407
213<-357: 0.010050251256281407
272<-213: 0.005025125628140704
311<-272: 0.005025125628140704
213<-311: 0.005025125628140704
105<-213: 0.010050251256281407
105<-105: 0.05025125628140704
213<-105: 0.010050251256281407
541<-213: 0.005025125628140704
194<-541: 0.005025125628140704
105<-194: 0.005025125628140704

nodeInfo=(Event,position embedding)
353: 353,47
541: 541,8
194: 194,7
5: 5,50
357: 357,31
105: 105,1
272: 272,24
213: 213,9
279: 279,46
377: 377,49
311: 311,23
30: 30,48


Sequence Order: 5 377 30 353 279 213 213 213 213 213 213 213 213 213 213 213 357 213 213 357 213 213 213 213 213 213 272 311 213 213 213 213 105 105 213 105 105 105 105 105 213 213 541 194 105 105 105 105 105 105