Label=Normal
network[son<-parent]=
569<-270: 0.005025125628140704
569<-569: 0.01507537688442211
158<-569: 0.010050251256281407
158<-158: 0.010050251256281407
144<-158: 0.020100502512562814
158<-144: 0.01507537688442211
144<-144: 0.09547738693467336
212<-144: 0.03015075376884422
144<-212: 0.03015075376884422
569<-144: 0.010050251256281407
144<-569: 0.005025125628140704

nodeInfo=(Event,position embedding)
270: 270,50
144: 144,4
212: 212,7
569: 569,2
158: 158,1


Sequence Order: 270 569 569 569 158 158 144 158 144 158 158 144 144 212 144 144 212 144 212 144 212 144 144 144 144 158 144 144 144 144 144 144 144 212 144 144 144 144 144 144 144 144 144 212 144 569 144 569 569 158