Label=Normal
network[son<-parent]=
406<-360: 0.005025125628140704
546<-406: 0.005025125628140704
546<-546: 0.03015075376884422
462<-546: 0.035175879396984924
462<-462: 0.020100502512562814
265<-462: 0.04522613065326633
265<-265: 0.020100502512562814
546<-265: 0.03015075376884422
546<-462: 0.005025125628140704
265<-546: 0.005025125628140704
462<-265: 0.01507537688442211
315<-265: 0.005025125628140704
315<-315: 0.005025125628140704
158<-315: 0.005025125628140704
144<-158: 0.005025125628140704
144<-144: 0.005025125628140704
151<-144: 0.005025125628140704

nodeInfo=(Event,position embedding)
546: 546,11
360: 360,50
265: 265,7
462: 462,8
144: 144,2
406: 406,49
151: 151,1
315: 315,5
158: 158,4


Sequence Order: 360 406 546 546 462 462 265 265 546 546 462 462 265 265 546 546 462 462 265 265 546 462 546 265 462 265 546 546 462 265 462 265 546 546 462 462 265 265 546 546 462 265 462 265 315 315 158 144 144 151