Label=Normal
network[son<-parent]=
158<-158: 0.01507537688442211
557<-158: 0.02512562814070352
158<-557: 0.005025125628140704
557<-557: 0.12562814070351758
212<-557: 0.035175879396984924
557<-212: 0.01507537688442211
212<-212: 0.005025125628140704
158<-212: 0.020100502512562814

nodeInfo=(Event,position embedding)
212: 212,2
557: 557,3
158: 158,1


Sequence Order: 158 158 158 557 158 557 557 557 212 557 557 557 557 212 557 557 557 557 557 557 212 212 557 557 557 557 557 212 158 557 212 158 557 212 158 158 557 557 557 557 557 557 557 557 557 557 557 557 212 158