Label=Normal
network[son<-parent]=
212<-557: 0.04522613065326633
158<-212: 0.04020100502512563
557<-158: 0.04522613065326633
557<-557: 0.09547738693467336
144<-212: 0.005025125628140704
158<-144: 0.010050251256281407
144<-557: 0.005025125628140704

nodeInfo=(Event,position embedding)
144: 144,2
212: 212,6
557: 557,3
158: 158,1


Sequence Order: 557 212 158 557 212 158 557 557 557 557 557 557 557 557 557 557 557 557 557 212 158 557 557 557 557 557 212 158 557 212 158 557 212 158 557 212 158 557 557 557 557 212 158 557 212 144 158 557 144 158