Label=Normal
network[son<-parent]=
235<-235: 0.04522613065326633
101<-235: 0.005025125628140704
88<-101: 0.005025125628140704
158<-88: 0.005025125628140704
557<-158: 0.01507537688442211
144<-557: 0.02512562814070352
158<-144: 0.005025125628140704
144<-144: 0.02512562814070352
523<-144: 0.005025125628140704
158<-523: 0.005025125628140704
158<-158: 0.035175879396984924
557<-557: 0.05527638190954774
557<-144: 0.01507537688442211

nodeInfo=(Event,position embedding)
101: 101,40
235: 235,41
523: 523,29
557: 557,1
144: 144,3
88: 88,39
158: 158,21


Sequence Order: 235 235 235 235 235 235 235 235 235 235 101 88 158 557 144 158 557 144 144 144 144 523 158 158 158 158 158 158 158 158 557 557 557 557 557 557 557 557 144 144 144 557 144 557 557 557 557 144 557 557