Label=Anomalous
network[son<-parent]=
557<-158: 0.035175879396984924
557<-557: 0.07035175879396985
158<-557: 0.02512562814070352
212<-557: 0.035175879396984924
557<-212: 0.02512562814070352
212<-158: 0.005025125628140704
158<-212: 0.010050251256281407
212<-212: 0.01507537688442211
158<-158: 0.005025125628140704
214<-212: 0.005025125628140704
214<-214: 0.01507537688442211

nodeInfo=(Event,position embedding)
214: 214,1
212: 212,5
557: 557,7
158: 158,10


Sequence Order: 158 557 557 158 557 212 557 557 212 557 557 212 557 557 557 158 212 557 212 158 557 158 557 557 557 158 557 557 557 557 212 212 212 158 158 557 557 557 212 557 158 557 557 557 212 212 214 214 214 214