Label=Normal
network[son<-parent]=
71<-71: 0.06030150753768844
19<-71: 0.005025125628140704
19<-19: 0.01507537688442211
158<-19: 0.005025125628140704
557<-158: 0.03015075376884422
144<-557: 0.02512562814070352
158<-144: 0.01507537688442211
158<-158: 0.020100502512562814
570<-557: 0.005025125628140704
557<-570: 0.005025125628140704
144<-144: 0.010050251256281407
570<-144: 0.005025125628140704
517<-570: 0.005025125628140704
517<-517: 0.010050251256281407
158<-517: 0.010050251256281407
557<-557: 0.010050251256281407
517<-144: 0.005025125628140704
158<-557: 0.005025125628140704

nodeInfo=(Event,position embedding)
517: 517,13
71: 71,38
557: 557,4
144: 144,7
19: 19,34
570: 570,23
158: 158,1


Sequence Order: 71 71 71 71 71 71 71 71 71 71 71 71 71 19 19 19 19 158 557 144 158 158 557 570 557 144 144 570 517 517 158 158 557 557 144 144 517 517 158 557 144 158 557 144 158 557 557 158 158 158