Label=Normal
network[son<-parent]=
570<-158: 0.005025125628140704
570<-570: 0.005025125628140704
557<-570: 0.005025125628140704
212<-557: 0.010050251256281407
158<-212: 0.005025125628140704
557<-158: 0.005025125628140704
569<-212: 0.005025125628140704
569<-569: 0.20603015075376885

nodeInfo=(Event,position embedding)
557: 557,44
212: 212,43
569: 569,1
570: 570,48
158: 158,45


Sequence Order: 158 570 570 557 212 158 557 212 569 569 569 569 569 569 569 569 569 569 569 569 569 569 569 569 569 569 569 569 569 569 569 569 569 569 569 569 569 569 569 569 569 569 569 569 569 569 569 569 569 569