Label=Anomalous
network[son<-parent]=
401<-335: 0.005025125628140704
213<-401: 0.005025125628140704
485<-213: 0.005025125628140704
213<-485: 0.005025125628140704
541<-213: 0.005025125628140704
245<-541: 0.005025125628140704
245<-245: 0.010050251256281407
19<-245: 0.005025125628140704
214<-19: 0.005025125628140704
214<-214: 0.1658291457286432
473<-214: 0.005025125628140704
214<-473: 0.005025125628140704
140<-214: 0.010050251256281407
214<-140: 0.010050251256281407

nodeInfo=(Event,position embedding)
485: 485,47
140: 140,4
335: 335,50
401: 401,49
19: 19,41
213: 213,46
245: 245,42
214: 214,1
473: 473,37
541: 541,45


Sequence Order: 335 401 213 485 213 541 245 245 245 19 214 214 214 473 214 214 214 214 214 214 214 214 214 214 214 214 214 214 214 214 214 214 214 214 214 214 140 214 214 214 214 214 214 214 214 214 140 214 214 214