Label=Anomalous
network[son<-parent]=
214<-214: 0.04020100502512563
473<-214: 0.005025125628140704
571<-473: 0.005025125628140704
214<-571: 0.035175879396984924
571<-214: 0.020100502512562814
127<-214: 0.01507537688442211
571<-127: 0.01507537688442211
140<-571: 0.005025125628140704
214<-140: 0.005025125628140704
549<-214: 0.005025125628140704
147<-549: 0.02512562814070352
549<-147: 0.01507537688442211
302<-147: 0.010050251256281407
549<-302: 0.005025125628140704
302<-302: 0.04020100502512563

nodeInfo=(Event,position embedding)
549: 549,11
140: 140,24
302: 302,1
147: 147,10
214: 214,21
473: 473,48
571: 571,25
127: 127,32


Sequence Order: 214 214 473 571 214 214 571 214 214 571 214 127 571 214 127 571 214 214 127 571 214 214 214 571 214 571 140 214 214 214 549 147 549 147 549 147 302 549 147 549 147 302 302 302 302 302 302 302 302 302