Label=Normal
network[son<-parent]=
384<-384: 0.005025125628140704
182<-384: 0.005025125628140704
182<-182: 0.005025125628140704
213<-182: 0.005025125628140704
213<-213: 0.15577889447236182
357<-213: 0.010050251256281407
357<-357: 0.010050251256281407
213<-357: 0.010050251256281407
272<-213: 0.005025125628140704
272<-272: 0.005025125628140704
311<-272: 0.005025125628140704
311<-311: 0.005025125628140704
213<-311: 0.005025125628140704
66<-213: 0.005025125628140704
66<-66: 0.005025125628140704
213<-66: 0.005025125628140704

nodeInfo=(Event,position embedding)
384: 384,49
66: 66,5
357: 357,37
272: 272,23
213: 213,1
182: 182,47
311: 311,21


Sequence Order: 384 384 182 182 213 213 357 357 213 213 213 213 357 357 213 213 213 213 213 213 213 213 213 213 213 213 272 272 311 311 213 213 213 213 213 213 213 213 213 213 213 213 213 213 66 66 213 213 213 213