Label=Normal
network[son<-parent]=
557<-557: 0.07035175879396985
158<-557: 0.005025125628140704
333<-158: 0.005025125628140704
333<-333: 0.005025125628140704
557<-333: 0.005025125628140704
212<-557: 0.010050251256281407
569<-212: 0.005025125628140704
158<-569: 0.005025125628140704
158<-158: 0.02512562814070352
557<-158: 0.005025125628140704
212<-212: 0.02512562814070352
18<-212: 0.005025125628140704
18<-18: 0.07537688442211055

nodeInfo=(Event,position embedding)
333: 333,38
557: 557,23
18: 18,1
212: 212,17
569: 569,35
158: 158,29


Sequence Order: 557 557 557 557 557 557 557 557 557 557 158 333 333 557 212 569 158 158 158 158 158 158 557 557 557 557 557 557 212 212 212 212 212 212 18 18 18 18 18 18 18 18 18 18 18 18 18 18 18 18