Label=Anomalous
network[son<-parent]=
557<-557: 0.09045226130653267
212<-557: 0.03015075376884422
557<-212: 0.020100502512562814
158<-212: 0.005025125628140704
158<-158: 0.010050251256281407
557<-158: 0.005025125628140704
569<-212: 0.005025125628140704
517<-569: 0.005025125628140704
517<-517: 0.005025125628140704
523<-517: 0.005025125628140704
523<-523: 0.05527638190954774
62<-523: 0.005025125628140704
523<-62: 0.005025125628140704

nodeInfo=(Event,position embedding)
517: 517,15
523: 523,1
557: 557,19
212: 212,18
62: 62,2
569: 569,17
158: 158,32


Sequence Order: 557 557 557 557 557 212 557 557 212 557 557 557 557 557 557 212 158 158 158 557 557 557 557 557 212 557 557 557 212 557 557 557 212 569 517 517 523 523 523 523 523 523 523 523 523 523 523 523 62 523