Label=Normal
network[son<-parent]=
462<-546: 0.035175879396984924
265<-462: 0.035175879396984924
546<-265: 0.03015075376884422
315<-265: 0.005025125628140704
315<-315: 0.005025125628140704
158<-315: 0.005025125628140704
557<-158: 0.010050251256281407
144<-557: 0.005025125628140704
144<-144: 0.010050251256281407
158<-144: 0.005025125628140704
158<-158: 0.05527638190954774
333<-158: 0.005025125628140704
333<-333: 0.005025125628140704
158<-333: 0.005025125628140704
557<-557: 0.020100502512562814
333<-557: 0.005025125628140704
557<-333: 0.005025125628140704

nodeInfo=(Event,position embedding)
546: 546,32
265: 265,30
557: 557,1
462: 462,31
333: 333,2
144: 144,23
315: 315,28
158: 158,8


Sequence Order: 546 462 265 546 462 265 546 462 265 546 462 265 546 462 265 546 462 265 546 462 265 315 315 158 557 144 144 144 158 158 158 158 158 333 333 158 158 158 158 158 158 158 158 557 557 557 557 557 333 557