Label=Normal
network[son<-parent]=
212<-557: 0.005025125628140704
212<-212: 0.005025125628140704
144<-212: 0.005025125628140704
144<-144: 0.005025125628140704
523<-144: 0.005025125628140704
523<-523: 0.22110552763819097

nodeInfo=(Event,position embedding)
144: 144,46
523: 523,1
212: 212,48
557: 557,50


Sequence Order: 557 212 212 144 144 523 523 523 523 523 523 523 523 523 523 523 523 523 523 523 523 523 523 523 523 523 523 523 523 523 523 523 523 523 523 523 523 523 523 523 523 523 523 523 523 523 523 523 523 523