Label=Normal
network[son<-parent]=
245<-245: 0.03015075376884422
19<-245: 0.005025125628140704
19<-19: 0.005025125628140704
158<-19: 0.005025125628140704
158<-158: 0.02512562814070352
570<-158: 0.005025125628140704
570<-570: 0.005025125628140704
75<-570: 0.005025125628140704
75<-75: 0.010050251256281407
158<-75: 0.005025125628140704
557<-158: 0.02512562814070352
557<-557: 0.02512562814070352
144<-557: 0.03015075376884422
144<-144: 0.02512562814070352
158<-144: 0.03015075376884422
75<-158: 0.005025125628140704
557<-75: 0.005025125628140704

nodeInfo=(Event,position embedding)
75: 75,8
557: 557,4
144: 144,3
19: 19,42
245: 245,44
570: 570,38
158: 158,1


Sequence Order: 245 245 245 245 245 245 245 19 19 158 158 570 570 75 75 158 158 557 557 557 557 144 144 144 144 158 158 557 557 144 144 158 158 557 557 144 144 158 557 144 158 75 75 557 144 158 557 144 158 158