Label=Normal
network[son<-parent]=
557<-212: 0.01507537688442211
557<-557: 0.11055276381909548
212<-557: 0.005025125628140704
158<-557: 0.010050251256281407
158<-158: 0.02512562814070352
570<-158: 0.005025125628140704
570<-570: 0.005025125628140704
557<-570: 0.005025125628140704
212<-158: 0.005025125628140704
212<-212: 0.005025125628140704
517<-557: 0.005025125628140704
517<-517: 0.010050251256281407
212<-517: 0.005025125628140704
10<-212: 0.005025125628140704
144<-10: 0.005025125628140704
144<-144: 0.01507537688442211
158<-144: 0.005025125628140704
517<-158: 0.005025125628140704

nodeInfo=(Event,position embedding)
517: 517,1
10: 10,12
557: 557,16
144: 144,8
212: 212,13
570: 570,24
158: 158,3


Sequence Order: 212 557 557 557 557 557 557 557 557 557 557 557 212 557 557 557 557 557 557 557 557 557 557 158 158 570 570 557 557 158 212 212 557 557 557 517 517 212 10 144 144 144 144 158 158 158 158 158 517 517