Label=Normal
network[son<-parent]=
158<-570: 0.005025125628140704
557<-158: 0.01507537688442211
557<-557: 0.06030150753768844
212<-557: 0.020100502512562814
557<-212: 0.010050251256281407
158<-212: 0.005025125628140704
144<-212: 0.005025125628140704
158<-144: 0.005025125628140704
144<-557: 0.005025125628140704
523<-144: 0.005025125628140704
523<-523: 0.11055276381909548

nodeInfo=(Event,position embedding)
523: 523,1
557: 557,25
144: 144,24
212: 212,28
570: 570,50
158: 158,26


Sequence Order: 570 158 557 557 557 557 212 557 557 557 557 557 212 557 557 557 557 557 557 212 158 557 212 144 158 557 144 523 523 523 523 523 523 523 523 523 523 523 523 523 523 523 523 523 523 523 523 523 523 523