Label=Normal
network[son<-parent]=
333<-212: 0.005025125628140704
557<-333: 0.005025125628140704
557<-557: 0.09045226130653267
212<-557: 0.020100502512562814
557<-212: 0.01507537688442211
517<-557: 0.010050251256281407
557<-517: 0.010050251256281407
212<-212: 0.010050251256281407
144<-212: 0.005025125628140704
158<-144: 0.005025125628140704
333<-158: 0.005025125628140704
158<-333: 0.005025125628140704
158<-158: 0.04020100502512563
570<-158: 0.010050251256281407
158<-570: 0.010050251256281407

nodeInfo=(Event,position embedding)
517: 517,36
557: 557,18
333: 333,14
144: 144,16
212: 212,17
570: 570,4
158: 158,1


Sequence Order: 212 333 557 557 557 212 557 557 517 557 557 557 557 557 517 557 557 557 212 212 557 557 557 557 557 557 557 557 212 212 557 557 557 212 144 158 333 158 158 158 158 570 158 158 158 158 570 158 158 158