Label=Normal
network[son<-parent]=
265<-462: 0.06532663316582915
546<-265: 0.05025125628140704
462<-546: 0.06532663316582915
315<-265: 0.010050251256281407
315<-315: 0.010050251256281407
546<-315: 0.010050251256281407
546<-462: 0.005025125628140704
265<-546: 0.005025125628140704
462<-265: 0.005025125628140704
238<-462: 0.005025125628140704
128<-238: 0.005025125628140704
128<-128: 0.005025125628140704
546<-128: 0.005025125628140704

nodeInfo=(Event,position embedding)
128: 128,9
546: 546,3
265: 265,1
462: 462,2
238: 238,11
315: 315,4


Sequence Order: 462 265 546 462 265 546 462 265 546 462 265 546 462 265 315 315 546 462 265 546 462 265 546 462 265 546 462 546 265 462 265 546 462 265 546 462 265 546 462 238 128 128 546 462 265 315 315 546 462 265