Label=Normal
network[son<-parent]=
462<-546: 0.07035175879396985
265<-462: 0.07035175879396985
265<-265: 0.010050251256281407
546<-265: 0.06532663316582915
546<-546: 0.005025125628140704
462<-462: 0.005025125628140704
315<-265: 0.005025125628140704
315<-315: 0.01507537688442211

nodeInfo=(Event,position embedding)
265: 265,5
546: 546,9
315: 315,1
462: 462,7


Sequence Order: 546 462 265 265 546 462 265 546 462 265 546 462 265 546 462 265 546 462 265 546 462 265 546 462 265 546 462 265 546 462 265 546 462 265 546 462 265 546 462 265 546 546 462 462 265 265 315 315 315 315