Label=Normal
network[son<-parent]=
462<-546: 0.06532663316582915
265<-462: 0.06532663316582915
546<-265: 0.06030150753768844
546<-546: 0.010050251256281407
462<-462: 0.010050251256281407
265<-265: 0.010050251256281407
315<-265: 0.005025125628140704
315<-315: 0.020100502512562814

nodeInfo=(Event,position embedding)
265: 265,6
546: 546,8
315: 315,1
462: 462,7


Sequence Order: 546 462 265 546 462 265 546 462 265 546 462 265 546 546 462 462 265 265 546 462 265 546 462 265 546 462 265 546 462 265 546 462 265 546 546 462 462 265 265 546 462 265 546 462 265 315 315 315 315 315