Label=Normal
network[son<-parent]=
546<-265: 0.005025125628140704
462<-546: 0.005025125628140704
265<-462: 0.005025125628140704
315<-265: 0.005025125628140704
315<-315: 0.020100502512562814
267<-315: 0.010050251256281407
267<-267: 0.16080402010050251
546<-267: 0.005025125628140704
267<-546: 0.005025125628140704
462<-267: 0.005025125628140704
267<-462: 0.005025125628140704
265<-267: 0.005025125628140704
267<-265: 0.005025125628140704
315<-267: 0.005025125628140704

nodeInfo=(Event,position embedding)
546: 546,40
265: 265,35
267: 267,1
462: 462,37
315: 315,23


Sequence Order: 265 546 462 265 315 315 315 315 267 267 546 267 267 462 267 265 267 267 267 267 267 267 267 267 267 267 315 315 267 267 267 267 267 267 267 267 267 267 267 267 267 267 267 267 267 267 267 267 267 267