Label=Normal
network[son<-parent]=
462<-546: 0.04522613065326633
265<-462: 0.04522613065326633
546<-265: 0.02512562814070352
315<-265: 0.01507537688442211
315<-315: 0.035175879396984924
546<-315: 0.01507537688442211
263<-265: 0.005025125628140704
431<-263: 0.005025125628140704
192<-431: 0.005025125628140704
123<-192: 0.005025125628140704
267<-123: 0.005025125628140704
267<-267: 0.04020100502512563

nodeInfo=(Event,position embedding)
192: 192,11
546: 546,16
263: 263,13
265: 265,14
123: 123,10
267: 267,1
462: 462,15
431: 431,12
315: 315,17


Sequence Order: 546 462 265 546 462 265 546 462 265 546 462 265 546 462 265 315 315 315 315 546 462 265 546 462 265 315 315 546 462 265 315 315 315 315 546 462 265 263 431 192 123 267 267 267 267 267 267 267 267 267