Label=Normal
network[son<-parent]=
267<-315: 0.005025125628140704
267<-267: 0.12562814070351758
546<-267: 0.005025125628140704
462<-546: 0.03015075376884422
265<-462: 0.02512562814070352
546<-265: 0.02512562814070352
546<-546: 0.020100502512562814
462<-462: 0.005025125628140704
265<-265: 0.005025125628140704

nodeInfo=(Event,position embedding)
546: 546,2
265: 265,6
267: 267,24
462: 462,1
315: 315,50


Sequence Order: 315 267 267 267 267 267 267 267 267 267 267 267 267 267 267 267 267 267 267 267 267 267 267 267 267 267 267 546 462 265 546 462 265 546 462 265 546 462 265 546 546 462 462 265 265 546 546 546 546 462