Label=Normal
network[son<-parent]=
265<-462: 0.03015075376884422
315<-265: 0.020100502512562814
315<-315: 0.12562814070351758
546<-315: 0.020100502512562814
462<-546: 0.03015075376884422
546<-265: 0.010050251256281407
238<-462: 0.005025125628140704
315<-238: 0.005025125628140704

nodeInfo=(Event,position embedding)
546: 546,15
265: 265,20
462: 462,14
238: 238,13
315: 315,1


Sequence Order: 462 265 315 315 315 315 315 315 315 315 546 462 265 546 462 265 546 462 265 315 315 315 315 546 462 265 315 315 546 462 265 315 315 315 315 546 462 238 315 315 315 315 315 315 315 315 315 315 315 315