Label=Normal
network[son<-parent]=
315<-243: 0.035175879396984924
243<-315: 0.03015075376884422
315<-315: 0.03015075376884422
243<-243: 0.01507537688442211
546<-315: 0.005025125628140704
462<-546: 0.035175879396984924
265<-462: 0.035175879396984924
546<-265: 0.03015075376884422
546<-462: 0.005025125628140704
265<-546: 0.005025125628140704
462<-265: 0.005025125628140704
243<-265: 0.005025125628140704
149<-243: 0.005025125628140704
243<-149: 0.005025125628140704

nodeInfo=(Event,position embedding)
546: 546,10
265: 265,8
462: 462,9
243: 243,1
149: 149,6
315: 315,3


Sequence Order: 243 315 243 315 243 315 243 315 315 315 315 243 243 315 315 243 243 315 315 546 462 265 546 462 265 546 462 265 546 462 265 546 462 546 265 462 265 546 462 265 546 462 265 243 149 243 315 315 243 243