Label=Normal
network[son<-parent]=
243<-243: 0.07035175879396985
315<-243: 0.05025125628140704
315<-315: 0.07035175879396985
243<-315: 0.04522613065326633
149<-315: 0.005025125628140704
315<-149: 0.005025125628140704

nodeInfo=(Event,position embedding)
315: 315,1
243: 243,3
149: 149,29


Sequence Order: 243 243 315 315 315 315 243 243 243 243 315 315 315 315 243 243 243 243 243 315 315 149 315 315 243 243 243 315 243 243 315 315 315 315 243 243 243 315 243 315 243 315 315 243 243 315 315 243 315 315