Label=Normal
network[son<-parent]=
315<-243: 0.07035175879396985
315<-315: 0.06030150753768844
243<-315: 0.07035175879396985
149<-243: 0.005025125628140704
243<-149: 0.005025125628140704
243<-243: 0.035175879396984924

nodeInfo=(Event,position embedding)
315: 315,2
243: 243,1
149: 149,44


Sequence Order: 243 315 315 315 315 243 149 243 315 243 243 315 243 315 243 315 243 315 315 315 315 243 315 243 243 243 315 243 243 315 315 243 315 315 243 315 315 243 243 315 243 243 243 315 315 243 315 315 315 243