Label=Normal
network[son<-parent]=
315<-315: 0.02512562814070352
243<-315: 0.010050251256281407
243<-243: 0.010050251256281407
315<-243: 0.010050251256281407
546<-315: 0.005025125628140704
462<-546: 0.03015075376884422
265<-462: 0.03015075376884422
546<-265: 0.02512562814070352
267<-265: 0.005025125628140704
267<-267: 0.09547738693467336

nodeInfo=(Event,position embedding)
546: 546,23
265: 265,21
267: 267,1
462: 462,22
243: 243,43
315: 315,39


Sequence Order: 315 315 315 243 243 315 243 243 315 315 315 315 546 462 265 546 462 265 546 462 265 546 462 265 546 462 265 546 462 265 267 267 267 267 267 267 267 267 267 267 267 267 267 267 267 267 267 267 267 267