Label=Normal
network[son<-parent]=
315<-315: 0.05527638190954774
243<-315: 0.04020100502512563
243<-243: 0.05025125628140704
315<-243: 0.04020100502512563
462<-315: 0.005025125628140704
243<-462: 0.005025125628140704
265<-243: 0.005025125628140704
315<-265: 0.005025125628140704
546<-315: 0.005025125628140704
243<-546: 0.005025125628140704
149<-243: 0.005025125628140704
243<-149: 0.005025125628140704
462<-243: 0.005025125628140704
315<-462: 0.005025125628140704
265<-315: 0.005025125628140704
243<-265: 0.005025125628140704

nodeInfo=(Event,position embedding)
546: 546,30
265: 265,23
462: 462,26
243: 243,1
149: 149,28
315: 315,3


Sequence Order: 315 315 243 243 315 315 462 243 243 265 315 315 243 243 315 315 243 243 315 315 546 243 149 243 462 315 315 265 243 243 315 315 243 243 315 315 243 243 315 315 243 243 315 315 243 243 315 315 243 243