Label=Normal
network[son<-parent]=
243<-315: 0.05527638190954774
243<-243: 0.06030150753768844
315<-243: 0.05527638190954774
315<-315: 0.035175879396984924
149<-315: 0.010050251256281407
243<-149: 0.01507537688442211
149<-243: 0.010050251256281407
315<-149: 0.005025125628140704

nodeInfo=(Event,position embedding)
315: 315,2
149: 149,21
243: 243,1


Sequence Order: 315 243 243 315 315 315 243 315 315 243 243 243 243 243 315 149 243 243 149 243 243 149 243 315 243 315 315 243 315 149 315 315 315 243 315 315 243 243 315 243 243 315 243 315 243 243 243 243 315 243