Label=Normal
network[son<-parent]=
315<-243: 0.05527638190954774
315<-315: 0.05527638190954774
243<-315: 0.05025125628140704
243<-243: 0.05527638190954774
546<-315: 0.005025125628140704
315<-546: 0.005025125628140704
462<-243: 0.005025125628140704
315<-462: 0.005025125628140704
265<-315: 0.005025125628140704
243<-265: 0.005025125628140704

nodeInfo=(Event,position embedding)
546: 546,16
265: 265,9
462: 462,12
243: 243,3
315: 315,1


Sequence Order: 243 315 315 243 243 315 315 243 243 315 315 243 243 315 315 243 243 315 315 243 243 315 315 243 243 315 315 243 243 315 315 243 243 315 546 315 243 243 462 315 315 265 243 243 315 315 243 243 315 315