Label=Normal
network[son<-parent]=
315<-315: 0.06532663316582915
243<-315: 0.04522613065326633
315<-243: 0.04020100502512563
243<-243: 0.06532663316582915
546<-315: 0.005025125628140704
243<-546: 0.005025125628140704
462<-243: 0.005025125628140704
315<-462: 0.005025125628140704
265<-315: 0.005025125628140704
315<-265: 0.005025125628140704

nodeInfo=(Event,position embedding)
546: 546,42
265: 265,30
462: 462,34
243: 243,1
315: 315,4


Sequence Order: 315 315 243 315 315 243 243 315 546 243 315 315 243 315 243 243 462 315 243 315 265 315 315 243 243 243 243 315 315 315 315 243 243 243 243 315 315 315 315 243 243 243 243 315 315 315 315 243 243 243