Label=Normal
network[son<-parent]=
243<-315: 0.05025125628140704
243<-243: 0.07035175879396985
315<-243: 0.05025125628140704
315<-315: 0.05527638190954774
149<-315: 0.010050251256281407
315<-149: 0.005025125628140704
243<-149: 0.005025125628140704

nodeInfo=(Event,position embedding)
315: 315,3
149: 149,9
243: 243,1


Sequence Order: 315 243 243 315 315 243 243 315 315 243 243 315 315 243 315 243 315 243 243 243 315 315 149 315 243 243 243 315 243 315 315 243 243 243 243 243 315 315 315 315 315 149 243 243 243 315 315 315 243 243