Label=Normal
network[son<-parent]=
462<-546: 0.035175879396984924
265<-462: 0.035175879396984924
267<-265: 0.005025125628140704
267<-267: 0.10050251256281408
480<-267: 0.005025125628140704
546<-480: 0.005025125628140704
546<-265: 0.020100502512562814
315<-265: 0.010050251256281407
315<-315: 0.02512562814070352
546<-315: 0.005025125628140704

nodeInfo=(Event,position embedding)
480: 480,26
546: 546,6
265: 265,4
267: 267,27
462: 462,5
315: 315,1


Sequence Order: 546 462 265 267 267 267 267 267 267 267 267 267 267 267 267 267 267 267 267 267 267 267 267 267 480 546 462 265 546 462 265 546 462 265 315 315 315 315 546 462 265 546 462 265 546 462 265 315 315 315