Label=Normal
network[son<-parent]=
462<-265: 0.005025125628140704
265<-462: 0.03015075376884422
315<-265: 0.005025125628140704
315<-315: 0.03015075376884422
480<-315: 0.005025125628140704
267<-480: 0.005025125628140704
480<-267: 0.005025125628140704
315<-480: 0.005025125628140704
267<-315: 0.005025125628140704
267<-267: 0.10050251256281408
546<-267: 0.005025125628140704
462<-546: 0.02512562814070352
546<-265: 0.020100502512562814

nodeInfo=(Event,position embedding)
480: 480,41
546: 546,3
265: 265,1
267: 267,16
462: 462,2
315: 315,37


Sequence Order: 265 462 265 315 315 315 315 480 267 480 315 315 315 315 267 267 267 267 267 267 267 267 267 267 267 267 267 267 267 267 267 267 267 267 267 546 462 265 546 462 265 546 462 265 546 462 265 546 462 265