Label=Normal
network[son<-parent]=
546<-265: 0.02512562814070352
462<-546: 0.02512562814070352
265<-462: 0.020100502512562814
546<-462: 0.005025125628140704
265<-546: 0.005025125628140704
462<-462: 0.005025125628140704
265<-265: 0.005025125628140704
315<-265: 0.005025125628140704
315<-315: 0.08040201005025126
480<-315: 0.005025125628140704
480<-480: 0.005025125628140704
315<-480: 0.005025125628140704
267<-315: 0.005025125628140704
267<-267: 0.05025125628140704

nodeInfo=(Event,position embedding)
480: 480,18
546: 546,34
265: 265,32
267: 267,1
462: 462,33
315: 315,12


Sequence Order: 265 546 462 265 546 462 546 265 546 462 462 265 265 546 462 265 546 462 265 315 315 315 315 315 315 315 315 315 315 315 315 480 480 315 315 315 315 315 315 267 267 267 267 267 267 267 267 267 267 267