Label=Normal
network[son<-parent]=
546<-265: 0.035175879396984924
462<-546: 0.035175879396984924
265<-462: 0.04020100502512563
546<-546: 0.010050251256281407
462<-462: 0.005025125628140704
265<-265: 0.005025125628140704
462<-265: 0.010050251256281407
546<-462: 0.005025125628140704
265<-546: 0.005025125628140704
315<-265: 0.005025125628140704
315<-315: 0.005025125628140704
480<-315: 0.005025125628140704
267<-480: 0.005025125628140704
267<-267: 0.07537688442211055

nodeInfo=(Event,position embedding)
480: 480,17
546: 546,22
265: 265,20
267: 267,1
462: 462,21
315: 315,18


Sequence Order: 265 546 462 265 546 462 265 546 462 265 546 462 265 546 462 265 546 546 546 462 462 265 265 462 546 265 462 265 546 462 265 315 315 480 267 267 267 267 267 267 267 267 267 267 267 267 267 267 267 267