Label=Normal
network[son<-parent]=
462<-546: 0.04020100502512563
265<-462: 0.035175879396984924
546<-265: 0.03015075376884422
201<-265: 0.005025125628140704
267<-201: 0.005025125628140704
267<-267: 0.10050251256281408
201<-267: 0.005025125628140704
439<-201: 0.005025125628140704
546<-439: 0.005025125628140704
315<-546: 0.005025125628140704
315<-315: 0.005025125628140704
546<-315: 0.005025125628140704

nodeInfo=(Event,position embedding)
546: 546,2
265: 265,3
201: 201,13
267: 267,14
462: 462,1
439: 439,12
315: 315,9


Sequence Order: 546 462 265 546 462 265 546 462 265 546 462 265 546 462 265 201 267 267 267 267 267 267 267 267 267 267 267 267 267 267 267 267 267 267 267 267 267 201 439 546 315 315 546 462 265 546 462 265 546 462