Label=Normal
network[son<-parent]=
462<-546: 0.005025125628140704
265<-462: 0.005025125628140704
480<-265: 0.005025125628140704
315<-480: 0.005025125628140704
315<-315: 0.005025125628140704
267<-315: 0.005025125628140704
267<-267: 0.20603015075376885
480<-267: 0.005025125628140704
546<-480: 0.005025125628140704

nodeInfo=(Event,position embedding)
480: 480,2
546: 546,1
265: 265,48
267: 267,3
462: 462,49
315: 315,45


Sequence Order: 546 462 265 480 315 315 267 267 267 267 267 267 267 267 267 267 267 267 267 267 267 267 267 267 267 267 267 267 267 267 267 267 267 267 267 267 267 267 267 267 267 267 267 267 267 267 267 267 480 546