Label=Normal
network[son<-parent]=
462<-546: 0.04020100502512563
265<-462: 0.035175879396984924
546<-265: 0.02512562814070352
315<-265: 0.005025125628140704
315<-315: 0.005025125628140704
546<-315: 0.005025125628140704
267<-265: 0.005025125628140704
267<-267: 0.10050251256281408
480<-267: 0.005025125628140704
546<-480: 0.005025125628140704
546<-462: 0.005025125628140704
265<-546: 0.005025125628140704
462<-265: 0.005025125628140704

nodeInfo=(Event,position embedding)
480: 480,18
546: 546,2
265: 265,3
267: 267,19
462: 462,1
315: 315,43


Sequence Order: 546 462 265 546 462 265 315 315 546 462 265 267 267 267 267 267 267 267 267 267 267 267 267 267 267 267 267 267 267 267 267 267 480 546 462 265 546 462 265 546 462 546 265 462 265 546 462 265 546 462