Label=Normal
network[son<-parent]=
480<-480: 0.005025125628140704
267<-480: 0.005025125628140704
267<-267: 0.21608040201005024
546<-267: 0.005025125628140704
462<-546: 0.005025125628140704
265<-462: 0.005025125628140704
546<-265: 0.005025125628140704

nodeInfo=(Event,position embedding)
480: 480,49
546: 546,1
265: 265,2
267: 267,5
462: 462,3


Sequence Order: 480 480 267 267 267 267 267 267 267 267 267 267 267 267 267 267 267 267 267 267 267 267 267 267 267 267 267 267 267 267 267 267 267 267 267 267 267 267 267 267 267 267 267 267 267 267 546 462 265 546