Label=Normal
network[son<-parent]=
462<-546: 0.05527638190954774
265<-462: 0.05527638190954774
546<-265: 0.04522613065326633
315<-265: 0.010050251256281407
315<-315: 0.02512562814070352
546<-315: 0.005025125628140704
267<-315: 0.010050251256281407
267<-267: 0.035175879396984924
315<-267: 0.005025125628140704

nodeInfo=(Event,position embedding)
546: 546,18
265: 265,16
267: 267,1
462: 462,17
315: 315,8


Sequence Order: 546 462 265 546 462 265 546 462 265 546 462 265 546 462 265 546 462 265 315 315 546 462 265 546 462 265 546 462 265 546 462 265 546 462 265 315 315 267 267 315 315 315 315 267 267 267 267 267 267 267