Label=Normal
network[son<-parent]=
462<-546: 0.04020100502512563
265<-462: 0.04020100502512563
546<-265: 0.035175879396984924
546<-462: 0.005025125628140704
265<-546: 0.005025125628140704
462<-265: 0.005025125628140704
546<-546: 0.010050251256281407
462<-462: 0.010050251256281407
265<-265: 0.010050251256281407
315<-265: 0.005025125628140704
315<-315: 0.08040201005025126

nodeInfo=(Event,position embedding)
265: 265,18
546: 546,20
315: 315,1
462: 462,19


Sequence Order: 546 462 265 546 462 265 546 462 546 265 462 265 546 546 462 462 265 265 546 462 265 546 462 265 546 546 462 462 265 265 546 462 265 315 315 315 315 315 315 315 315 315 315 315 315 315 315 315 315 315