Label=Normal
network[son<-parent]=
546<-265: 0.01507537688442211
462<-546: 0.01507537688442211
265<-462: 0.01507537688442211
315<-265: 0.005025125628140704
315<-315: 0.05527638190954774
267<-315: 0.005025125628140704
267<-267: 0.135678391959799

nodeInfo=(Event,position embedding)
546: 546,43
265: 265,41
267: 267,1
462: 462,42
315: 315,29


Sequence Order: 265 546 462 265 546 462 265 546 462 265 315 315 315 315 315 315 315 315 315 315 315 315 267 267 267 267 267 267 267 267 267 267 267 267 267 267 267 267 267 267 267 267 267 267 267 267 267 267 267 267