Label=Normal
network[son<-parent]=
462<-546: 0.005025125628140704
265<-462: 0.005025125628140704
315<-265: 0.005025125628140704
315<-315: 0.11055276381909548
267<-315: 0.01507537688442211
267<-267: 0.09045226130653267
315<-267: 0.01507537688442211

nodeInfo=(Event,position embedding)
546: 546,50
265: 265,48
267: 267,5
462: 462,49
315: 315,1


Sequence Order: 546 462 265 315 315 315 315 315 315 315 315 315 315 315 315 315 315 315 315 315 315 315 315 267 267 267 267 267 267 315 267 315 267 267 267 267 267 267 267 267 267 267 267 267 267 267 315 315 315 315