Label=Normal
network[son<-parent]=
462<-546: 0.03015075376884422
265<-462: 0.03015075376884422
546<-265: 0.02512562814070352
315<-265: 0.005025125628140704
315<-315: 0.04020100502512563
267<-315: 0.010050251256281407
267<-267: 0.09547738693467336
315<-267: 0.010050251256281407

nodeInfo=(Event,position embedding)
546: 546,35
265: 265,33
267: 267,2
462: 462,34
315: 315,1


Sequence Order: 546 462 265 546 462 265 546 462 265 546 462 265 546 462 265 546 462 265 315 315 315 315 315 315 315 315 267 267 267 267 267 267 267 267 267 267 267 267 267 267 267 315 315 267 267 267 267 267 267 315