Label=Normal
network[son<-parent]=
546<-546: 0.01507537688442211
462<-546: 0.035175879396984924
462<-462: 0.01507537688442211
265<-462: 0.04020100502512563
265<-265: 0.01507537688442211
546<-265: 0.03015075376884422
462<-265: 0.005025125628140704
267<-265: 0.005025125628140704
267<-267: 0.08542713567839195

nodeInfo=(Event,position embedding)
265: 265,19
546: 546,25
267: 267,1
462: 462,20


Sequence Order: 546 546 462 462 462 265 265 265 546 462 265 546 462 265 546 462 265 546 462 265 546 462 265 546 546 546 462 462 265 265 462 265 267 267 267 267 267 267 267 267 267 267 267 267 267 267 267 267 267 267