Label=Normal
network[son<-parent]=
267<-267: 0.010050251256281407
546<-267: 0.005025125628140704
462<-546: 0.07035175879396985
265<-462: 0.06532663316582915
546<-265: 0.05025125628140704
315<-265: 0.01507537688442211
315<-315: 0.01507537688442211
546<-315: 0.01507537688442211

nodeInfo=(Event,position embedding)
546: 546,2
265: 265,3
267: 267,48
462: 462,1
315: 315,6


Sequence Order: 267 267 267 546 462 265 546 462 265 546 462 265 546 462 265 315 315 546 462 265 315 315 546 462 265 546 462 265 546 462 265 546 462 265 546 462 265 546 462 265 546 462 265 315 315 546 462 265 546 462