Label=Normal
network[son<-parent]=
315<-315: 0.005025125628140704
267<-315: 0.005025125628140704
267<-267: 0.10050251256281408
546<-267: 0.005025125628140704
462<-546: 0.035175879396984924
265<-462: 0.04020100502512563
546<-265: 0.035175879396984924
315<-265: 0.005025125628140704
546<-315: 0.005025125628140704
315<-546: 0.005025125628140704
462<-315: 0.005025125628140704

nodeInfo=(Event,position embedding)
546: 546,1
265: 265,2
267: 267,28
462: 462,3
315: 315,7


Sequence Order: 315 315 267 267 267 267 267 267 267 267 267 267 267 267 267 267 267 267 267 267 267 267 267 546 462 265 546 462 265 546 462 265 546 462 265 546 462 265 546 462 265 315 546 315 462 265 546 462 265 546