Label=Normal
network[son<-parent]=
315<-315: 0.005025125628140704
201<-315: 0.005025125628140704
546<-201: 0.005025125628140704
462<-546: 0.04020100502512563
265<-462: 0.035175879396984924
546<-265: 0.02512562814070352
201<-265: 0.005025125628140704
439<-201: 0.005025125628140704
546<-439: 0.005025125628140704
546<-546: 0.005025125628140704
267<-265: 0.005025125628140704
267<-267: 0.10050251256281408
546<-267: 0.005025125628140704

nodeInfo=(Event,position embedding)
546: 546,2
201: 201,41
265: 265,24
267: 267,3
462: 462,1
439: 439,40
315: 315,49


Sequence Order: 315 315 201 546 462 265 546 462 265 201 439 546 546 462 265 546 462 265 546 462 265 546 462 265 546 462 265 267 267 267 267 267 267 267 267 267 267 267 267 267 267 267 267 267 267 267 267 267 546 462