Label=Normal
network[son<-parent]=
315<-265: 0.020100502512562814
315<-315: 0.03015075376884422
546<-315: 0.020100502512562814
462<-546: 0.06030150753768844
265<-462: 0.05527638190954774
128<-265: 0.005025125628140704
128<-128: 0.005025125628140704
546<-128: 0.005025125628140704
546<-265: 0.035175879396984924
546<-546: 0.005025125628140704
462<-462: 0.005025125628140704

nodeInfo=(Event,position embedding)
128: 128,43
546: 546,3
265: 265,5
462: 462,1
315: 315,17


Sequence Order: 265 315 315 546 462 265 128 128 546 462 265 546 462 265 546 462 265 315 315 315 315 546 462 265 315 315 546 462 265 546 462 265 315 315 546 462 265 546 462 265 546 462 265 546 462 265 546 546 462 462