Label=Normal
network[son<-parent]=
546<-265: 0.07537688442211055
462<-546: 0.07537688442211055
265<-462: 0.07537688442211055
315<-265: 0.005025125628140704
315<-315: 0.005025125628140704
546<-315: 0.005025125628140704
546<-546: 0.005025125628140704

nodeInfo=(Event,position embedding)
265: 265,3
546: 546,1
315: 315,15
462: 462,4


Sequence Order: 265 546 462 265 546 462 265 546 462 265 546 462 265 546 462 265 546 462 265 546 462 265 546 462 265 546 462 265 546 462 265 546 462 265 315 315 546 462 265 546 462 265 546 462 265 546 462 265 546 546