Label=Normal
network[son<-parent]=
546<-265: 0.07035175879396985
462<-546: 0.07035175879396985
265<-462: 0.06532663316582915
546<-546: 0.010050251256281407
462<-462: 0.010050251256281407
265<-265: 0.010050251256281407
238<-462: 0.005025125628140704
546<-238: 0.005025125628140704

nodeInfo=(Event,position embedding)
265: 265,2
546: 546,1
462: 462,3
238: 238,14


Sequence Order: 265 546 462 265 546 462 265 546 462 265 546 462 265 546 462 265 546 546 546 462 462 462 265 265 265 546 462 265 546 462 265 546 462 265 546 462 238 546 462 265 546 462 265 546 462 265 546 462 265 546