Label=Normal
network[son<-parent]=
315<-315: 0.08040201005025126
201<-315: 0.005025125628140704
439<-201: 0.005025125628140704
546<-439: 0.005025125628140704
315<-546: 0.005025125628140704
546<-315: 0.01507537688442211
462<-546: 0.04020100502512563
265<-462: 0.035175879396984924
315<-265: 0.010050251256281407
546<-462: 0.005025125628140704
265<-546: 0.005025125628140704
462<-265: 0.005025125628140704
546<-265: 0.02512562814070352
546<-546: 0.005025125628140704

nodeInfo=(Event,position embedding)
546: 546,2
201: 201,40
265: 265,4
462: 462,1
439: 439,39
315: 315,22


Sequence Order: 315 315 315 315 315 315 315 315 315 315 201 439 546 315 315 315 315 315 315 546 462 265 315 315 546 462 265 315 315 546 462 546 265 462 265 546 462 265 546 462 265 546 462 265 546 462 265 546 546 462