Label=Normal
network[son<-parent]=
278<-265: 0.005025125628140704
455<-278: 0.005025125628140704
313<-455: 0.005025125628140704
313<-313: 0.010050251256281407
546<-313: 0.005025125628140704
462<-546: 0.05025125628140704
265<-462: 0.05527638190954774
546<-265: 0.04020100502512563
102<-265: 0.005025125628140704
546<-102: 0.005025125628140704
546<-546: 0.010050251256281407
462<-462: 0.005025125628140704
265<-265: 0.005025125628140704
546<-462: 0.005025125628140704
265<-546: 0.005025125628140704
462<-265: 0.010050251256281407
315<-265: 0.005025125628140704
315<-315: 0.01507537688442211

nodeInfo=(Event,position embedding)
546: 546,7
102: 102,38
455: 455,48
265: 265,5
462: 462,6
278: 278,49
313: 313,45
315: 315,1


Sequence Order: 265 278 455 313 313 313 546 462 265 546 462 265 102 546 462 265 546 546 462 462 265 265 546 462 265 546 462 265 546 546 462 546 265 462 265 462 265 546 462 265 546 462 265 546 462 265 315 315 315 315