Label=Normal
network[son<-parent]=
462<-462: 0.005025125628140704
265<-462: 0.05527638190954774
265<-265: 0.005025125628140704
546<-265: 0.04522613065326633
462<-546: 0.05025125628140704
315<-265: 0.005025125628140704
315<-315: 0.07537688442211055
546<-315: 0.005025125628140704

nodeInfo=(Event,position embedding)
265: 265,1
546: 546,3
315: 315,19
462: 462,2


Sequence Order: 462 462 265 265 546 462 265 546 462 265 546 462 265 546 462 265 315 315 315 315 315 315 315 315 315 315 315 315 315 315 315 315 546 462 265 546 462 265 546 462 265 546 462 265 546 462 265 546 462 265