Label=Normal
network[son<-parent]=
546<-265: 0.06030150753768844
462<-546: 0.06532663316582915
265<-462: 0.06030150753768844
201<-265: 0.005025125628140704
315<-201: 0.005025125628140704
315<-315: 0.01507537688442211
201<-315: 0.005025125628140704
439<-201: 0.005025125628140704
546<-439: 0.005025125628140704
546<-546: 0.010050251256281407
462<-462: 0.005025125628140704
265<-265: 0.005025125628140704

nodeInfo=(Event,position embedding)
546: 546,2
265: 265,3
201: 201,26
462: 462,1
439: 439,25
315: 315,27


Sequence Order: 265 546 462 265 546 462 265 546 462 265 546 462 265 546 462 265 546 462 265 201 315 315 315 315 201 439 546 546 462 265 546 462 265 546 462 265 546 546 462 462 265 265 546 462 265 546 462 265 546 462