Label=Normal
network[son<-parent]=
265<-462: 0.07537688442211055
546<-265: 0.06532663316582915
462<-546: 0.07537688442211055
201<-265: 0.005025125628140704
546<-201: 0.005025125628140704
546<-546: 0.005025125628140704
462<-265: 0.005025125628140704
238<-462: 0.005025125628140704
546<-238: 0.005025125628140704

nodeInfo=(Event,position embedding)
546: 546,2
265: 265,3
201: 201,45
462: 462,1
238: 238,30


Sequence Order: 462 265 546 462 265 201 546 462 265 546 462 265 546 546 462 265 462 265 546 462 238 546 462 265 546 462 265 546 462 265 546 462 265 546 462 265 546 462 265 546 462 265 546 462 265 546 462 265 546 462