Label=Normal
network[son<-parent]=
118<-265: 0.005025125628140704
546<-118: 0.005025125628140704
462<-546: 0.07035175879396985
265<-462: 0.07035175879396985
546<-265: 0.06532663316582915
546<-546: 0.010050251256281407
462<-462: 0.010050251256281407
265<-265: 0.010050251256281407

nodeInfo=(Event,position embedding)
265: 265,1
546: 546,5
462: 462,3
118: 118,49


Sequence Order: 265 118 546 462 265 546 462 265 546 462 265 546 462 265 546 462 265 546 462 265 546 462 265 546 462 265 546 462 265 546 462 265 546 546 462 462 265 265 546 462 265 546 462 265 546 546 462 462 265 265