Label=Normal
network[son<-parent]=
546<-265: 0.06532663316582915
462<-546: 0.07035175879396985
265<-462: 0.06532663316582915
118<-265: 0.005025125628140704
546<-118: 0.005025125628140704
546<-462: 0.005025125628140704
265<-546: 0.005025125628140704
462<-265: 0.005025125628140704
546<-546: 0.010050251256281407
462<-462: 0.010050251256281407

nodeInfo=(Event,position embedding)
265: 265,7
546: 546,4
118: 118,46
462: 462,1


Sequence Order: 265 546 462 265 118 546 462 265 546 462 265 546 462 265 546 462 546 265 462 265 546 462 265 546 462 265 546 462 265 546 462 265 546 462 265 546 462 265 546 462 265 546 462 265 546 546 546 462 462 462