Label=Normal
network[son<-parent]=
462<-462: 0.03015075376884422
546<-462: 0.02512562814070352
546<-546: 0.02512562814070352
462<-546: 0.02512562814070352
265<-462: 0.035175879396984924
265<-265: 0.04020100502512563
462<-265: 0.03015075376884422
546<-265: 0.020100502512562814
265<-546: 0.01507537688442211

nodeInfo=(Event,position embedding)
265: 265,6
546: 546,1
462: 462,5


Sequence Order: 462 462 462 462 462 546 546 546 462 462 462 265 265 265 265 265 265 462 265 265 462 265 265 462 265 265 546 462 265 546 462 265 546 462 546 265 462 546 265 462 265 546 462 546 265 462 546 546 546 546