Label=Normal
network[son<-parent]=
500<-287: 0.005025125628140704
500<-500: 0.010050251256281407
406<-500: 0.005025125628140704
546<-406: 0.005025125628140704
462<-546: 0.06030150753768844
265<-462: 0.06030150753768844
546<-265: 0.05527638190954774
546<-546: 0.005025125628140704
462<-462: 0.005025125628140704
265<-265: 0.005025125628140704
546<-462: 0.010050251256281407
265<-546: 0.010050251256281407
462<-265: 0.010050251256281407

nodeInfo=(Event,position embedding)
546: 546,3
265: 265,1
462: 462,2
500: 500,47
406: 406,46
287: 287,50


Sequence Order: 287 500 500 500 406 546 462 265 546 462 265 546 462 265 546 546 462 462 265 265 546 462 265 546 462 546 265 462 265 546 462 265 546 462 546 265 462 265 546 462 265 546 462 265 546 462 265 546 462 265