Label=Normal
network[son<-parent]=
265<-462: 0.035175879396984924
265<-265: 0.01507537688442211
186<-265: 0.010050251256281407
546<-186: 0.005025125628140704
462<-546: 0.035175879396984924
186<-186: 0.07035175879396985
362<-186: 0.005025125628140704
546<-362: 0.005025125628140704
546<-265: 0.02512562814070352
546<-462: 0.010050251256281407
265<-546: 0.010050251256281407
462<-462: 0.010050251256281407
546<-546: 0.005025125628140704
462<-265: 0.005025125628140704

nodeInfo=(Event,position embedding)
546: 546,6
265: 265,1
362: 362,28
462: 462,3
186: 186,29


Sequence Order: 462 265 265 186 546 462 265 186 186 186 186 186 186 186 186 186 186 186 186 186 186 186 362 546 462 265 546 462 546 265 546 462 462 265 265 546 462 265 546 462 265 546 546 462 546 265 462 462 265 265