Label=Normal
network[son<-parent]=
546<-265: 0.07537688442211055
462<-546: 0.08040201005025126
265<-462: 0.07537688442211055
51<-265: 0.005025125628140704
362<-51: 0.005025125628140704
546<-362: 0.005025125628140704

nodeInfo=(Event,position embedding)
546: 546,2
265: 265,3
362: 362,30
462: 462,1
51: 51,31


Sequence Order: 265 546 462 265 546 462 265 546 462 265 546 462 265 546 462 265 546 462 265 51 362 546 462 265 546 462 265 546 462 265 546 462 265 546 462 265 546 462 265 546 462 265 546 462 265 546 462 265 546 462