Label=Normal
network[son<-parent]=
265<-462: 0.06532663316582915
462<-265: 0.005025125628140704
546<-265: 0.04522613065326633
462<-546: 0.05527638190954774
201<-265: 0.010050251256281407
546<-201: 0.005025125628140704
315<-201: 0.005025125628140704
315<-315: 0.03015075376884422
201<-315: 0.005025125628140704
439<-201: 0.005025125628140704
546<-439: 0.005025125628140704
315<-546: 0.005025125628140704
546<-315: 0.005025125628140704

nodeInfo=(Event,position embedding)
546: 546,3
265: 265,1
201: 201,24
462: 462,2
439: 439,23
315: 315,16


Sequence Order: 462 265 462 265 546 462 265 201 546 462 265 546 462 265 546 462 265 546 462 265 546 462 265 201 315 315 201 439 546 315 315 315 315 315 315 546 462 265 546 462 265 546 462 265 546 462 265 546 462 265