Label=Normal
network[son<-parent]=
546<-265: 0.07035175879396985
462<-546: 0.07035175879396985
265<-462: 0.07035175879396985
315<-265: 0.005025125628140704
315<-315: 0.02512562814070352
546<-315: 0.005025125628140704

nodeInfo=(Event,position embedding)
265: 265,2
546: 546,1
315: 315,20
462: 462,3


Sequence Order: 265 546 462 265 546 462 265 546 462 265 546 462 265 546 462 265 546 462 265 546 462 265 546 462 265 315 315 315 315 315 315 546 462 265 546 462 265 546 462 265 546 462 265 546 462 265 546 462 265 546