Label=Anomalous
network[son<-parent]=
270<-270: 0.07035175879396985
276<-270: 0.005025125628140704
575<-276: 0.005025125628140704
270<-575: 0.01507537688442211
358<-270: 0.010050251256281407
575<-358: 0.010050251256281407
61<-270: 0.005025125628140704
541<-61: 0.005025125628140704
158<-541: 0.005025125628140704
158<-158: 0.09547738693467336
570<-158: 0.010050251256281407
158<-570: 0.010050251256281407

nodeInfo=(Event,position embedding)
541: 541,25
358: 358,29
270: 270,27
276: 276,45
570: 570,3
61: 61,26
158: 158,1
575: 575,28


Sequence Order: 270 270 270 270 270 276 575 270 270 270 270 358 575 270 270 270 270 270 270 270 270 358 575 270 61 541 158 158 158 158 158 158 158 158 158 158 158 158 158 158 158 158 158 570 158 158 158 570 158 158