Label=Normal
network[son<-parent]=
557<-158: 0.010050251256281407
557<-557: 0.07035175879396985
333<-557: 0.01507537688442211
557<-333: 0.02512562814070352
517<-557: 0.005025125628140704
212<-517: 0.005025125628140704
557<-212: 0.020100502512562814
158<-557: 0.005025125628140704
174<-557: 0.005025125628140704
333<-174: 0.005025125628140704
174<-333: 0.005025125628140704
174<-174: 0.005025125628140704
557<-174: 0.010050251256281407
212<-557: 0.03015075376884422
212<-212: 0.005025125628140704
174<-212: 0.010050251256281407
212<-174: 0.005025125628140704
333<-212: 0.010050251256281407

nodeInfo=(Event,position embedding)
517: 517,42
333: 333,2
557: 557,1
174: 174,24
212: 212,5
158: 158,38


Sequence Order: 158 557 557 557 557 333 557 557 517 212 557 557 158 557 557 174 333 174 174 557 557 212 212 174 557 212 174 212 333 557 557 212 557 557 557 557 333 557 557 212 557 557 212 333 557 212 557 557 333 557