Label=Normal
network[son<-parent]=
212<-557: 0.02512562814070352
212<-212: 0.020100502512562814
557<-212: 0.02512562814070352
557<-557: 0.1407035175879397
517<-557: 0.005025125628140704
557<-517: 0.005025125628140704
94<-557: 0.005025125628140704
96<-94: 0.005025125628140704
575<-96: 0.005025125628140704
144<-575: 0.005025125628140704
144<-144: 0.005025125628140704

nodeInfo=(Event,position embedding)
96: 96,4
517: 517,18
557: 557,6
144: 144,1
212: 212,15
94: 94,5
575: 575,3


Sequence Order: 557 212 212 557 557 557 212 212 212 557 557 557 557 557 557 557 557 557 557 212 557 212 557 557 557 557 557 557 557 557 557 557 517 557 212 212 557 557 557 557 557 557 557 557 557 94 96 575 144 144