Label=Normal
network[son<-parent]=
265<-462: 0.05025125628140704
287<-265: 0.005025125628140704
500<-287: 0.005025125628140704
406<-500: 0.005025125628140704
546<-406: 0.005025125628140704
462<-546: 0.04522613065326633
546<-265: 0.03015075376884422
144<-265: 0.010050251256281407
546<-144: 0.010050251256281407
375<-144: 0.005025125628140704
144<-375: 0.005025125628140704
546<-546: 0.005025125628140704
462<-462: 0.005025125628140704
265<-265: 0.005025125628140704
315<-265: 0.005025125628140704
315<-315: 0.05025125628140704

nodeInfo=(Event,position embedding)
546: 546,14
265: 265,12
462: 462,13
144: 144,33
500: 500,47
406: 406,46
375: 375,34
315: 315,1
287: 287,48


Sequence Order: 462 265 287 500 406 546 462 265 546 462 265 144 546 462 265 144 375 144 546 546 462 462 265 265 546 462 265 546 462 265 546 462 265 546 462 265 546 462 265 315 315 315 315 315 315 315 315 315 315 315