Label=Normal
network[son<-parent]=
557<-557: 0.10050251256281408
212<-557: 0.010050251256281407
212<-212: 0.010050251256281407
333<-212: 0.005025125628140704
557<-333: 0.010050251256281407
333<-557: 0.005025125628140704
411<-212: 0.005025125628140704
557<-411: 0.03015075376884422
411<-557: 0.02512562814070352
582<-557: 0.005025125628140704
557<-582: 0.005025125628140704
174<-557: 0.01507537688442211
212<-174: 0.005025125628140704
557<-212: 0.005025125628140704
557<-174: 0.010050251256281407

nodeInfo=(Event,position embedding)
582: 582,16
333: 333,39
557: 557,1
174: 174,8
212: 212,12
411: 411,19


Sequence Order: 557 557 557 557 212 212 333 557 557 557 557 333 557 557 212 212 411 557 557 411 557 557 411 557 557 411 557 557 411 557 557 411 557 557 582 557 557 174 212 557 174 557 174 557 557 557 557 557 557 557