Label=Normal
network[son<-parent]=
462<-546: 0.04522613065326633
265<-462: 0.04522613065326633
546<-265: 0.035175879396984924
315<-265: 0.005025125628140704
315<-315: 0.005025125628140704
546<-315: 0.005025125628140704
432<-265: 0.005025125628140704
432<-432: 0.005025125628140704
375<-432: 0.05025125628140704
432<-375: 0.04522613065326633

nodeInfo=(Event,position embedding)
546: 546,24
265: 265,22
462: 462,23
432: 432,2
375: 375,1
315: 315,37


Sequence Order: 546 462 265 546 462 265 546 462 265 546 462 265 315 315 546 462 265 546 462 265 546 462 265 546 462 265 546 462 265 432 432 375 432 375 432 375 432 375 432 375 432 375 432 375 432 375 432 375 432 375