Label=Normal
network[son<-parent]=
462<-462: 0.01507537688442211
265<-462: 0.02512562814070352
462<-265: 0.005025125628140704
265<-265: 0.01507537688442211
546<-265: 0.01507537688442211
462<-546: 0.01507537688442211
546<-546: 0.005025125628140704
315<-265: 0.005025125628140704
315<-315: 0.01507537688442211
432<-315: 0.005025125628140704
432<-432: 0.005025125628140704
375<-432: 0.06030150753768844
432<-375: 0.06030150753768844

nodeInfo=(Event,position embedding)
546: 546,33
265: 265,31
462: 462,32
432: 432,1
375: 375,2
315: 315,27


Sequence Order: 462 462 265 462 462 265 265 265 546 462 265 546 546 462 462 265 265 546 462 265 315 315 315 315 432 432 375 432 375 432 375 432 375 432 375 432 375 432 375 432 375 432 375 432 375 432 375 432 375 432