Label=Normal
network[son<-parent]=
265<-265: 0.06030150753768844
315<-265: 0.005025125628140704
315<-315: 0.02512562814070352
432<-315: 0.005025125628140704
432<-432: 0.005025125628140704
375<-432: 0.06532663316582915
432<-375: 0.06030150753768844
362<-375: 0.005025125628140704
58<-362: 0.005025125628140704
432<-58: 0.005025125628140704
58<-432: 0.005025125628140704

nodeInfo=(Event,position embedding)
265: 265,38
362: 362,4
432: 432,2
375: 375,5
58: 58,1
315: 315,32


Sequence Order: 265 265 265 265 265 265 265 265 265 265 265 265 265 315 315 315 315 315 315 432 432 375 432 375 432 375 432 375 432 375 432 375 432 375 432 375 432 375 432 375 432 375 432 375 432 375 362 58 432 58