Label=Normal
network[son<-parent]=
546<-265: 0.04020100502512563
462<-546: 0.04522613065326633
265<-462: 0.05025125628140704
315<-265: 0.005025125628140704
315<-315: 0.04522613065326633
360<-315: 0.005025125628140704
406<-360: 0.010050251256281407
360<-406: 0.005025125628140704
546<-406: 0.005025125628140704
546<-546: 0.01507537688442211
462<-265: 0.010050251256281407
462<-462: 0.005025125628140704
265<-265: 0.005025125628140704

nodeInfo=(Event,position embedding)
546: 546,2
360: 360,31
265: 265,3
462: 462,1
406: 406,30
315: 315,34


Sequence Order: 265 546 462 265 546 462 265 315 315 315 315 315 315 315 315 315 315 360 406 360 406 546 462 265 546 546 462 265 462 265 546 462 265 546 546 462 462 265 265 546 462 265 546 546 462 265 462 265 546 462