Label=Anomalous
network[son<-parent]=
265<-462: 0.03015075376884422
265<-265: 0.020100502512562814
462<-265: 0.01507537688442211
546<-265: 0.020100502512562814
462<-546: 0.020100502512562814
546<-546: 0.01507537688442211
546<-462: 0.010050251256281407
265<-546: 0.010050251256281407
462<-462: 0.01507537688442211
315<-265: 0.005025125628140704
315<-315: 0.04522613065326633
43<-315: 0.005025125628140704
43<-43: 0.01507537688442211
400<-43: 0.005025125628140704
549<-400: 0.005025125628140704
344<-549: 0.005025125628140704
5<-344: 0.005025125628140704

nodeInfo=(Event,position embedding)
546: 546,23
549: 549,3
5: 5,1
265: 265,19
43: 43,5
462: 462,20
400: 400,4
344: 344,2
315: 315,9


Sequence Order: 462 265 265 462 265 546 462 265 546 546 462 546 265 546 462 462 546 546 265 265 462 462 462 265 265 265 546 546 462 265 462 265 315 315 315 315 315 315 315 315 315 315 43 43 43 43 400 549 344 5