Label=Normal
network[son<-parent]=
158<-158: 0.1708542713567839
570<-158: 0.005025125628140704
158<-570: 0.005025125628140704
452<-158: 0.005025125628140704
158<-452: 0.005025125628140704
75<-158: 0.005025125628140704
158<-75: 0.005025125628140704
517<-158: 0.005025125628140704
158<-517: 0.005025125628140704
174<-158: 0.005025125628140704
174<-174: 0.010050251256281407
333<-174: 0.005025125628140704
174<-333: 0.005025125628140704
158<-174: 0.005025125628140704
557<-158: 0.005025125628140704

nodeInfo=(Event,position embedding)
452: 452,45
517: 517,18
75: 75,34
333: 333,7
174: 174,5
557: 557,1
570: 570,47
158: 158,2


Sequence Order: 158 158 158 570 158 452 158 158 158 158 158 158 158 158 158 158 75 158 158 158 158 158 158 158 158 158 158 158 158 158 158 158 517 158 158 158 158 158 158 158 158 174 174 333 174 174 158 158 158 557