Label=Anomalous
network[son<-parent]=
583<-583: 0.005025125628140704
196<-583: 0.005025125628140704
58<-196: 0.005025125628140704
58<-58: 0.01507537688442211
486<-58: 0.005025125628140704
486<-486: 0.07537688442211055
201<-486: 0.005025125628140704
185<-201: 0.02512562814070352
185<-185: 0.020100502512562814
201<-185: 0.020100502512562814
42<-185: 0.005025125628140704
42<-42: 0.06030150753768844

nodeInfo=(Event,position embedding)
196: 196,48
486: 486,28
583: 583,49
201: 201,15
42: 42,1
185: 185,14
58: 58,44


Sequence Order: 583 583 196 58 58 58 58 486 486 486 486 486 486 486 486 486 486 486 486 486 486 486 486 201 185 185 201 185 185 201 185 185 201 185 185 201 185 42 42 42 42 42 42 42 42 42 42 42 42 42