Label=Normal
network[son<-parent]=
546<-265: 0.035175879396984924
462<-546: 0.035175879396984924
265<-462: 0.04020100502512563
546<-546: 0.01507537688442211
546<-462: 0.010050251256281407
265<-546: 0.010050251256281407
462<-265: 0.01507537688442211
462<-462: 0.010050251256281407
265<-265: 0.010050251256281407
315<-265: 0.005025125628140704
315<-315: 0.06030150753768844

nodeInfo=(Event,position embedding)
265: 265,14
546: 546,16
315: 315,1
462: 462,15


Sequence Order: 265 546 462 265 546 462 265 546 546 546 462 546 265 462 462 546 265 462 265 265 462 265 546 462 265 546 462 265 546 546 462 462 265 265 546 462 265 315 315 315 315 315 315 315 315 315 315 315 315 315