Label=Normal
network[son<-parent]=
158<-158: 0.1708542713567839
570<-158: 0.005025125628140704
158<-570: 0.005025125628140704
333<-158: 0.005025125628140704
517<-333: 0.005025125628140704
158<-517: 0.005025125628140704
34<-158: 0.005025125628140704
158<-34: 0.005025125628140704
174<-158: 0.005025125628140704
174<-174: 0.010050251256281407
333<-174: 0.005025125628140704
174<-333: 0.005025125628140704
158<-174: 0.005025125628140704
557<-158: 0.005025125628140704
557<-557: 0.005025125628140704

nodeInfo=(Event,position embedding)
34: 34,12
517: 517,28
333: 333,6
174: 174,4
557: 557,1
570: 570,44
158: 158,3


Sequence Order: 158 158 158 158 158 158 570 158 158 158 158 158 158 158 158 158 158 158 158 158 158 333 517 158 158 158 158 158 158 158 158 158 158 158 158 158 158 158 34 158 158 158 174 174 333 174 174 158 557 557