Label=Normal
network[son<-parent]=
42<-42: 0.06030150753768844
287<-42: 0.005025125628140704
500<-287: 0.005025125628140704
165<-500: 0.010050251256281407
500<-165: 0.005025125628140704
500<-500: 0.005025125628140704
267<-165: 0.005025125628140704
546<-267: 0.005025125628140704
462<-546: 0.035175879396984924
265<-462: 0.035175879396984924
144<-265: 0.005025125628140704
144<-144: 0.01507537688442211
375<-144: 0.010050251256281407
144<-375: 0.010050251256281407
546<-144: 0.005025125628140704
546<-265: 0.03015075376884422

nodeInfo=(Event,position embedding)
546: 546,1
165: 165,32
265: 265,2
42: 42,38
267: 267,31
462: 462,3
144: 144,20
500: 500,33
375: 375,21
287: 287,37


Sequence Order: 42 42 42 42 42 42 42 42 42 42 42 42 42 287 500 165 500 500 165 267 546 462 265 144 144 375 144 144 144 375 144 546 462 265 546 462 265 546 462 265 546 462 265 546 462 265 546 462 265 546