Label=Normal
network[son<-parent]=
462<-265: 0.010050251256281407
265<-462: 0.04522613065326633
546<-265: 0.03015075376884422
462<-546: 0.035175879396984924
315<-265: 0.01507537688442211
315<-315: 0.04020100502512563
546<-315: 0.01507537688442211
546<-462: 0.005025125628140704
546<-546: 0.005025125628140704
265<-546: 0.005025125628140704
462<-462: 0.005025125628140704
265<-265: 0.005025125628140704
315<-546: 0.010050251256281407
462<-315: 0.010050251256281407
315<-462: 0.005025125628140704
265<-315: 0.005025125628140704

nodeInfo=(Event,position embedding)
265: 265,1
546: 546,7
315: 315,2
462: 462,4


Sequence Order: 265 462 265 546 462 265 546 462 265 315 315 315 315 546 462 265 546 462 265 546 462 265 546 462 546 546 265 462 462 265 265 315 315 546 462 265 546 315 315 462 265 315 315 546 315 315 462 315 315 265