Label=Normal
network[son<-parent]=
462<-462: 0.005025125628140704
265<-462: 0.07035175879396985
265<-265: 0.005025125628140704
462<-265: 0.010050251256281407
546<-265: 0.05527638190954774
462<-546: 0.05527638190954774
546<-546: 0.005025125628140704
315<-265: 0.005025125628140704
315<-315: 0.035175879396984924

nodeInfo=(Event,position embedding)
265: 265,9
546: 546,11
315: 315,1
462: 462,10


Sequence Order: 462 462 265 265 462 265 546 462 265 546 462 265 546 462 265 546 462 265 546 462 265 546 546 462 265 462 265 546 462 265 546 462 265 546 462 265 546 462 265 546 462 265 315 315 315 315 315 315 315 315