Label=Normal
network[son<-parent]=
265<-462: 0.07035175879396985
546<-265: 0.05025125628140704
462<-546: 0.07035175879396985
315<-265: 0.01507537688442211
315<-315: 0.01507537688442211
546<-315: 0.01507537688442211
238<-462: 0.005025125628140704
546<-238: 0.005025125628140704

nodeInfo=(Event,position embedding)
546: 546,3
265: 265,1
462: 462,2
238: 238,35
315: 315,10


Sequence Order: 462 265 546 462 265 315 315 546 462 265 546 462 265 546 462 238 546 462 265 546 462 265 546 462 265 546 462 265 546 462 265 315 315 546 462 265 546 462 265 315 315 546 462 265 546 462 265 546 462 265