Label=Normal
network[son<-parent]=
315<-462: 0.005025125628140704
265<-315: 0.005025125628140704
546<-265: 0.02512562814070352
462<-546: 0.05025125628140704
265<-462: 0.04522613065326633
315<-265: 0.02512562814070352
315<-315: 0.035175879396984924
546<-315: 0.02512562814070352
546<-546: 0.01507537688442211
462<-462: 0.010050251256281407
265<-265: 0.005025125628140704

nodeInfo=(Event,position embedding)
265: 265,6
546: 546,3
315: 315,12
462: 462,1


Sequence Order: 462 315 265 546 462 265 546 462 265 546 462 265 315 315 315 315 546 462 265 315 315 546 462 265 315 315 546 462 265 315 315 546 462 265 546 462 265 315 315 546 546 462 462 265 265 546 546 546 462 462