Label=Normal
network[son<-parent]=
462<-546: 0.05025125628140704
546<-462: 0.005025125628140704
546<-546: 0.01507537688442211
265<-546: 0.005025125628140704
462<-265: 0.01507537688442211
462<-462: 0.005025125628140704
265<-462: 0.05527638190954774
265<-265: 0.005025125628140704
546<-265: 0.04020100502512563
315<-265: 0.005025125628140704
315<-315: 0.01507537688442211
546<-315: 0.005025125628140704
315<-546: 0.005025125628140704
462<-315: 0.005025125628140704
315<-462: 0.005025125628140704
238<-315: 0.005025125628140704
546<-238: 0.005025125628140704

nodeInfo=(Event,position embedding)
546: 546,2
265: 265,3
462: 462,1
238: 238,18
315: 315,19


Sequence Order: 546 462 546 546 265 462 462 265 265 546 462 265 546 462 265 546 546 546 462 265 462 265 462 265 315 315 546 315 315 462 315 315 238 546 462 265 546 462 265 546 462 265 546 462 265 546 462 265 546 462