Label=Normal
network[son<-parent]=
462<-546: 0.04522613065326633
265<-462: 0.06030150753768844
546<-265: 0.035175879396984924
546<-546: 0.01507537688442211
462<-265: 0.01507537688442211
128<-265: 0.005025125628140704
128<-128: 0.020100502512562814
546<-128: 0.005025125628140704
128<-546: 0.005025125628140704
462<-128: 0.005025125628140704
546<-462: 0.005025125628140704
265<-546: 0.005025125628140704
462<-462: 0.005025125628140704
265<-265: 0.005025125628140704
315<-265: 0.005025125628140704
315<-315: 0.005025125628140704
546<-315: 0.005025125628140704

nodeInfo=(Event,position embedding)
128: 128,35
546: 546,3
265: 265,1
462: 462,2
315: 315,4


Sequence Order: 546 462 265 546 546 462 265 462 265 128 128 128 546 128 128 128 462 265 546 462 265 546 462 265 546 546 462 546 265 462 265 462 265 546 546 462 265 546 462 462 265 265 546 462 265 315 315 546 462 265