Label=Normal
network[son<-parent]=
212<-212: 0.03015075376884422
557<-212: 0.020100502512562814
557<-557: 0.020100502512562814
212<-557: 0.02512562814070352
573<-212: 0.005025125628140704
557<-573: 0.005025125628140704
333<-212: 0.005025125628140704
212<-333: 0.005025125628140704
96<-212: 0.005025125628140704
575<-96: 0.02512562814070352
96<-575: 0.020100502512562814
358<-575: 0.03015075376884422
575<-358: 0.03015075376884422
144<-575: 0.005025125628140704
87<-144: 0.005025125628140704
144<-87: 0.005025125628140704
358<-144: 0.005025125628140704

nodeInfo=(Event,position embedding)
96: 96,18
358: 358,1
333: 333,28
557: 557,31
144: 144,2
212: 212,27
87: 87,3
573: 573,32
575: 575,5


Sequence Order: 212 212 557 557 212 212 212 212 557 557 212 212 557 557 212 557 557 212 573 557 212 212 333 212 96 575 96 575 96 575 96 575 96 575 358 575 358 575 358 575 358 575 358 575 358 575 144 87 144 358