Label=Normal
network[son<-parent]=
212<-212: 0.020100502512562814
158<-212: 0.03015075376884422
557<-158: 0.04020100502512563
212<-557: 0.04020100502512563
158<-557: 0.01507537688442211
557<-557: 0.03015075376884422
557<-212: 0.01507537688442211
96<-212: 0.005025125628140704
575<-96: 0.005025125628140704
358<-575: 0.010050251256281407
575<-358: 0.010050251256281407
158<-575: 0.005025125628140704
158<-158: 0.010050251256281407
212<-158: 0.010050251256281407

nodeInfo=(Event,position embedding)
96: 96,35
358: 358,31
557: 557,2
212: 212,1
158: 158,5
575: 575,30


Sequence Order: 212 212 212 212 158 557 212 158 557 158 557 557 212 557 212 96 575 358 575 358 575 158 557 212 158 557 212 158 158 557 158 557 557 557 557 212 158 158 212 212 557 557 158 557 212 158 212 557 557 212