Label=Normal
network[son<-parent]=
158<-158: 0.005025125628140704
333<-158: 0.005025125628140704
557<-333: 0.010050251256281407
557<-557: 0.09045226130653267
333<-557: 0.005025125628140704
212<-557: 0.010050251256281407
212<-212: 0.005025125628140704
333<-212: 0.005025125628140704
333<-333: 0.005025125628140704
411<-333: 0.005025125628140704
411<-411: 0.02512562814070352
174<-411: 0.005025125628140704
174<-174: 0.010050251256281407
158<-174: 0.005025125628140704
557<-158: 0.03015075376884422
158<-212: 0.005025125628140704
158<-557: 0.020100502512562814

nodeInfo=(Event,position embedding)
557: 557,1
333: 333,40
174: 174,31
212: 212,28
411: 411,34
158: 158,3


Sequence Order: 158 158 333 557 557 333 557 212 212 333 333 411 411 411 411 411 411 174 174 174 158 557 212 158 557 557 158 557 557 557 158 557 557 557 557 557 557 557 557 557 557 557 557 158 557 557 557 158 557 557