Label=Normal
network[son<-parent]=
158<-158: 0.01507537688442211
557<-158: 0.04020100502512563
557<-557: 0.08040201005025126
212<-557: 0.035175879396984924
557<-212: 0.005025125628140704
570<-212: 0.005025125628140704
158<-570: 0.005025125628140704
158<-557: 0.010050251256281407
212<-212: 0.010050251256281407
158<-212: 0.020100502512562814
517<-212: 0.005025125628140704
158<-517: 0.005025125628140704
517<-158: 0.005025125628140704
557<-517: 0.005025125628140704

nodeInfo=(Event,position embedding)
517: 517,12
557: 557,1
212: 212,8
570: 570,42
158: 158,5


Sequence Order: 158 158 557 557 212 557 557 212 570 158 557 557 158 557 557 557 557 557 212 212 158 557 557 557 158 557 557 212 212 158 557 212 158 557 557 212 517 158 517 557 557 557 212 158 158 158 557 557 557 557