Label=Normal
network[son<-parent]=
158<-158: 0.01507537688442211
557<-158: 0.035175879396984924
158<-557: 0.01507537688442211
212<-158: 0.005025125628140704
557<-212: 0.02512562814070352
557<-557: 0.07035175879396985
212<-557: 0.04522613065326633
212<-212: 0.010050251256281407
158<-212: 0.01507537688442211
517<-212: 0.005025125628140704
158<-517: 0.005025125628140704

nodeInfo=(Event,position embedding)
517: 517,7
212: 212,1
557: 557,3
158: 158,5


Sequence Order: 158 158 158 557 158 212 557 158 557 557 557 557 158 557 557 557 212 557 212 212 557 212 557 557 212 557 557 557 557 557 557 557 212 158 557 557 212 158 557 212 158 557 212 517 158 158 557 557 212 212