Label=Normal
network[son<-parent]=
212<-158: 0.01507537688442211
557<-212: 0.01507537688442211
557<-557: 0.010050251256281407
158<-557: 0.010050251256281407
90<-212: 0.005025125628140704
557<-90: 0.005025125628140704
212<-557: 0.03015075376884422
158<-212: 0.020100502512562814
557<-158: 0.02512562814070352
411<-212: 0.005025125628140704
411<-411: 0.04522613065326633
333<-411: 0.010050251256281407
411<-333: 0.010050251256281407
333<-333: 0.020100502512562814
174<-411: 0.005025125628140704
174<-174: 0.010050251256281407
158<-174: 0.005025125628140704

nodeInfo=(Event,position embedding)
557: 557,1
333: 333,21
174: 174,12
212: 212,3
90: 90,44
411: 411,15
158: 158,2


Sequence Order: 158 212 557 557 158 212 90 557 212 557 212 158 557 557 212 158 557 212 411 411 411 411 333 411 411 333 333 333 333 333 411 411 411 411 411 411 174 174 174 158 557 212 158 557 158 212 557 212 158 557