Label=Normal
network[son<-parent]=
212<-557: 0.020100502512562814
158<-212: 0.010050251256281407
557<-158: 0.020100502512562814
411<-212: 0.005025125628140704
411<-411: 0.04522613065326633
333<-411: 0.010050251256281407
411<-333: 0.010050251256281407
333<-333: 0.020100502512562814
582<-411: 0.005025125628140704
174<-582: 0.005025125628140704
174<-174: 0.010050251256281407
158<-174: 0.005025125628140704
158<-158: 0.02512562814070352
158<-557: 0.010050251256281407
212<-158: 0.005025125628140704
557<-212: 0.010050251256281407
557<-557: 0.03015075376884422

nodeInfo=(Event,position embedding)
582: 582,27
333: 333,34
557: 557,1
174: 174,24
212: 212,5
411: 411,28
158: 158,9


Sequence Order: 557 212 158 557 212 411 411 411 411 333 411 411 333 333 333 333 333 411 411 411 411 411 411 582 174 174 174 158 557 212 158 158 158 557 158 158 158 158 212 557 557 158 557 557 557 212 557 557 557 557