Label=Normal
network[son<-parent]=
212<-557: 0.05025125628140704
557<-212: 0.01507537688442211
212<-212: 0.010050251256281407
96<-212: 0.005025125628140704
575<-96: 0.005025125628140704
358<-575: 0.01507537688442211
575<-358: 0.01507537688442211
158<-575: 0.005025125628140704
570<-158: 0.005025125628140704
557<-570: 0.005025125628140704
158<-212: 0.02512562814070352
557<-158: 0.02512562814070352
557<-557: 0.03015075376884422
158<-158: 0.020100502512562814
517<-212: 0.005025125628140704
517<-517: 0.005025125628140704
158<-517: 0.005025125628140704

nodeInfo=(Event,position embedding)
96: 96,45
517: 517,3
358: 358,39
557: 557,6
212: 212,5
570: 570,36
158: 158,1
575: 575,38


Sequence Order: 557 212 557 212 212 96 575 358 575 358 575 358 575 158 570 557 212 158 557 212 158 557 557 557 557 212 158 158 557 557 212 212 158 158 158 557 557 557 212 557 212 557 212 158 557 212 517 517 158 158