Label=Normal
network[son<-parent]=
557<-557: 0.04522613065326633
212<-557: 0.02512562814070352
212<-212: 0.010050251256281407
158<-212: 0.01507537688442211
158<-158: 0.010050251256281407
557<-158: 0.020100502512562814
96<-212: 0.005025125628140704
575<-96: 0.005025125628140704
158<-575: 0.005025125628140704
411<-212: 0.005025125628140704
411<-411: 0.04522613065326633
333<-411: 0.010050251256281407
411<-333: 0.010050251256281407
333<-333: 0.020100502512562814
582<-411: 0.005025125628140704
174<-582: 0.005025125628140704
174<-174: 0.005025125628140704

nodeInfo=(Event,position embedding)
96: 96,32
582: 582,3
557: 557,24
333: 333,10
174: 174,1
212: 212,22
411: 411,4
158: 158,26
575: 575,31


Sequence Order: 557 557 557 557 557 212 212 158 158 557 557 557 212 158 557 557 557 212 96 575 158 557 212 158 158 557 557 212 212 411 411 411 411 333 411 411 333 333 333 333 333 411 411 411 411 411 411 582 174 174