Label=Normal
network[son<-parent]=
517<-212: 0.005025125628140704
158<-517: 0.005025125628140704
557<-158: 0.04020100502512563
212<-557: 0.04522613065326633
158<-212: 0.03015075376884422
557<-557: 0.05025125628140704
158<-557: 0.005025125628140704
212<-158: 0.005025125628140704
557<-212: 0.010050251256281407
158<-158: 0.010050251256281407
212<-212: 0.005025125628140704
96<-212: 0.005025125628140704
575<-96: 0.005025125628140704
358<-575: 0.010050251256281407
575<-358: 0.010050251256281407
158<-575: 0.005025125628140704

nodeInfo=(Event,position embedding)
96: 96,9
517: 517,49
358: 358,5
557: 557,2
212: 212,1
158: 158,3
575: 575,4


Sequence Order: 212 517 158 557 212 158 557 212 158 557 557 158 212 557 212 158 158 158 557 557 557 557 212 557 212 212 158 557 557 557 557 557 212 158 557 557 557 212 158 557 212 96 575 358 575 358 575 158 557 212