Label=Normal
network[son<-parent]=
158<-212: 0.02512562814070352
90<-158: 0.005025125628140704
557<-90: 0.005025125628140704
557<-557: 0.035175879396984924
212<-557: 0.02512562814070352
158<-158: 0.005025125628140704
557<-158: 0.02512562814070352
212<-212: 0.005025125628140704
411<-212: 0.005025125628140704
411<-411: 0.04522613065326633
333<-411: 0.010050251256281407
411<-333: 0.010050251256281407
333<-333: 0.020100502512562814
53<-411: 0.005025125628140704
174<-53: 0.005025125628140704
174<-174: 0.010050251256281407
158<-174: 0.005025125628140704

nodeInfo=(Event,position embedding)
557: 557,1
333: 333,21
174: 174,11
212: 212,5
53: 53,14
90: 90,48
411: 411,15
158: 158,4


Sequence Order: 212 158 90 557 557 557 557 557 212 158 158 557 557 212 212 158 557 212 411 411 411 411 333 411 411 333 333 333 333 333 411 411 411 411 411 411 53 174 174 174 158 557 212 158 557 212 158 557 557 557