Label=Normal
network[son<-parent]=
557<-158: 0.03015075376884422
212<-557: 0.02512562814070352
158<-212: 0.020100502512562814
411<-212: 0.005025125628140704
411<-411: 0.04522613065326633
333<-411: 0.010050251256281407
411<-333: 0.010050251256281407
333<-333: 0.020100502512562814
582<-411: 0.005025125628140704
174<-582: 0.005025125628140704
174<-174: 0.010050251256281407
158<-174: 0.005025125628140704
557<-557: 0.05527638190954774

nodeInfo=(Event,position embedding)
582: 582,26
333: 333,33
557: 557,1
174: 174,23
212: 212,3
411: 411,27
158: 158,2


Sequence Order: 158 557 212 158 557 212 411 411 411 411 333 411 411 333 333 333 333 333 411 411 411 411 411 411 582 174 174 174 158 557 212 158 557 557 557 557 557 557 557 557 557 557 557 212 158 557 557 212 158 557