Label=Normal
network[son<-parent]=
158<-212: 0.03015075376884422
557<-158: 0.02512562814070352
212<-557: 0.03015075376884422
158<-557: 0.005025125628140704
212<-158: 0.005025125628140704
557<-557: 0.04020100502512563
557<-212: 0.005025125628140704
158<-158: 0.005025125628140704
517<-557: 0.005025125628140704
557<-517: 0.005025125628140704
212<-212: 0.005025125628140704
90<-158: 0.005025125628140704
557<-90: 0.005025125628140704
174<-212: 0.005025125628140704
174<-174: 0.03015075376884422
333<-174: 0.010050251256281407
174<-333: 0.010050251256281407
333<-333: 0.020100502512562814

nodeInfo=(Event,position embedding)
517: 517,30
557: 557,17
174: 174,1
333: 333,4
212: 212,16
90: 90,20
158: 158,21


Sequence Order: 212 158 557 212 158 557 158 212 158 557 557 212 557 557 557 557 212 158 158 557 517 557 557 212 212 158 557 557 212 158 90 557 557 557 212 174 174 174 174 333 174 174 333 333 333 333 333 174 174 174