Label=Normal
network[son<-parent]=
158<-212: 0.05025125628140704
158<-158: 0.01507537688442211
557<-158: 0.05527638190954774
557<-557: 0.04020100502512563
212<-557: 0.05025125628140704
212<-212: 0.010050251256281407
557<-212: 0.010050251256281407
158<-557: 0.010050251256281407
212<-158: 0.005025125628140704

nodeInfo=(Event,position embedding)
212: 212,3
557: 557,1
158: 158,4


Sequence Order: 212 158 158 557 557 212 212 158 557 212 158 158 557 557 212 212 158 557 212 158 557 557 557 557 212 158 557 212 158 158 557 557 557 212 557 212 158 557 212 158 557 212 158 557 158 557 158 212 557 557