Label=Normal
network[son<-parent]=
212<-557: 0.03015075376884422
557<-212: 0.005025125628140704
557<-557: 0.06030150753768844
158<-212: 0.01507537688442211
557<-158: 0.020100502512562814
411<-212: 0.005025125628140704
411<-411: 0.04522613065326633
333<-411: 0.010050251256281407
411<-333: 0.010050251256281407
333<-333: 0.020100502512562814
582<-411: 0.005025125628140704
174<-582: 0.005025125628140704
174<-174: 0.010050251256281407
158<-174: 0.005025125628140704

nodeInfo=(Event,position embedding)
582: 582,20
333: 333,27
557: 557,2
174: 174,17
212: 212,1
411: 411,21
158: 158,13


Sequence Order: 557 212 557 557 557 212 158 557 212 158 557 212 411 411 411 411 333 411 411 333 333 333 333 333 411 411 411 411 411 411 582 174 174 174 158 557 212 158 557 557 557 557 557 557 557 557 557 557 557 212