Label=Normal
network[son<-parent]=
158<-158: 0.010050251256281407
557<-158: 0.04020100502512563
557<-557: 0.11055276381909548
212<-557: 0.035175879396984924
557<-212: 0.010050251256281407
158<-212: 0.02512562814070352
158<-557: 0.010050251256281407
212<-212: 0.005025125628140704

nodeInfo=(Event,position embedding)
212: 212,4
557: 557,1
158: 158,2


Sequence Order: 158 158 557 557 557 557 557 557 557 557 557 557 557 212 557 557 557 557 557 557 557 557 557 557 212 158 557 557 212 158 557 557 158 557 557 212 557 212 158 557 158 557 212 212 158 557 212 158 158 557