Label=Normal
network[son<-parent]=
557<-557: 0.05527638190954774
212<-557: 0.04020100502512563
96<-212: 0.005025125628140704
575<-96: 0.010050251256281407
96<-575: 0.005025125628140704
158<-575: 0.005025125628140704
557<-158: 0.035175879396984924
158<-557: 0.010050251256281407
557<-212: 0.010050251256281407
158<-212: 0.020100502512562814
333<-212: 0.005025125628140704
333<-333: 0.01507537688442211
517<-333: 0.005025125628140704
158<-517: 0.005025125628140704
517<-158: 0.005025125628140704
557<-517: 0.005025125628140704
517<-557: 0.005025125628140704
212<-517: 0.005025125628140704

nodeInfo=(Event,position embedding)
96: 96,42
517: 517,2
557: 557,3
333: 333,7
212: 212,1
158: 158,5
575: 575,41


Sequence Order: 557 557 557 557 557 212 96 575 96 575 158 557 158 557 158 557 557 557 557 557 212 557 212 557 212 158 557 212 158 557 212 158 557 212 158 557 557 557 557 212 333 333 333 333 517 158 517 557 517 212