Label=Normal
network[son<-parent]=
557<-158: 0.04020100502512563
212<-557: 0.035175879396984924
158<-212: 0.020100502512562814
158<-158: 0.005025125628140704
557<-557: 0.07035175879396985
158<-557: 0.01507537688442211
557<-212: 0.010050251256281407
96<-212: 0.005025125628140704
575<-96: 0.005025125628140704
158<-575: 0.005025125628140704
212<-158: 0.005025125628140704
212<-212: 0.005025125628140704
333<-212: 0.005025125628140704
333<-333: 0.020100502512562814

nodeInfo=(Event,position embedding)
96: 96,30
557: 557,8
333: 333,1
212: 212,6
158: 158,10
575: 575,29


Sequence Order: 158 557 212 158 158 557 557 158 557 557 557 557 557 557 557 212 557 557 557 212 96 575 158 557 158 212 557 557 557 557 557 212 158 557 212 158 557 212 158 557 158 557 557 212 212 333 333 333 333 333