Label=Normal
network[son<-parent]=
557<-557: 0.05025125628140704
212<-557: 0.05025125628140704
96<-212: 0.005025125628140704
575<-96: 0.005025125628140704
158<-575: 0.005025125628140704
557<-158: 0.04522613065326633
158<-212: 0.035175879396984924
158<-158: 0.005025125628140704
557<-212: 0.005025125628140704
333<-212: 0.005025125628140704
158<-333: 0.005025125628140704
517<-158: 0.005025125628140704
557<-517: 0.005025125628140704
517<-557: 0.005025125628140704
212<-517: 0.005025125628140704
517<-212: 0.005025125628140704
158<-517: 0.005025125628140704

nodeInfo=(Event,position embedding)
96: 96,46
517: 517,3
557: 557,1
333: 333,9
212: 212,4
158: 158,2
575: 575,45


Sequence Order: 557 557 557 212 96 575 158 557 212 158 557 212 158 557 212 158 557 557 557 557 557 557 557 212 158 557 212 158 158 557 557 212 557 557 212 158 557 212 158 557 212 333 158 517 557 517 212 517 158 557