Label=Normal
network[son<-parent]=
96<-212: 0.010050251256281407
575<-96: 0.010050251256281407
158<-575: 0.010050251256281407
557<-158: 0.04522613065326633
212<-557: 0.04522613065326633
158<-212: 0.03015075376884422
557<-557: 0.05025125628140704
158<-158: 0.010050251256281407
212<-212: 0.005025125628140704
557<-212: 0.01507537688442211
158<-557: 0.010050251256281407
212<-158: 0.005025125628140704

nodeInfo=(Event,position embedding)
96: 96,19
557: 557,1
212: 212,2
158: 158,6
575: 575,18


Sequence Order: 212 96 575 158 557 212 158 557 212 158 557 557 212 158 158 557 557 557 212 212 158 557 212 158 158 557 557 557 212 557 212 96 575 158 557 212 158 557 158 212 557 557 557 557 158 557 557 557 212 557