Label=Normal
network[son<-parent]=
276<-575: 0.005025125628140704
575<-276: 0.005025125628140704
358<-575: 0.05025125628140704
575<-358: 0.05025125628140704
270<-575: 0.005025125628140704
569<-270: 0.005025125628140704
569<-569: 0.005025125628140704
270<-569: 0.005025125628140704
158<-270: 0.005025125628140704
158<-158: 0.11055276381909548

nodeInfo=(Event,position embedding)
358: 358,29
270: 270,24
276: 276,49
569: 569,25
158: 158,1
575: 575,28


Sequence Order: 575 276 575 358 575 358 575 358 575 358 575 358 575 358 575 358 575 358 575 358 575 358 575 270 569 569 270 158 158 158 158 158 158 158 158 158 158 158 158 158 158 158 158 158 158 158 158 158 158 158