Label=Normal
network[son<-parent]=
517<-212: 0.005025125628140704
557<-517: 0.005025125628140704
557<-557: 0.1507537688442211
212<-557: 0.035175879396984924
557<-212: 0.035175879396984924
212<-212: 0.01507537688442211

nodeInfo=(Event,position embedding)
557: 557,1
212: 212,3
517: 517,49


Sequence Order: 212 517 557 557 212 557 557 557 212 212 557 557 557 557 557 557 212 557 557 557 212 557 557 557 212 557 557 557 557 557 557 557 557 557 557 557 557 557 212 212 557 557 557 557 557 557 212 212 557 557