Label=Normal
network[son<-parent]=
557<-557: 0.020100502512562814
144<-557: 0.005025125628140704
158<-144: 0.005025125628140704
158<-158: 0.1407035175879397
517<-158: 0.010050251256281407
158<-517: 0.01507537688442211
570<-158: 0.010050251256281407
158<-570: 0.010050251256281407
333<-158: 0.005025125628140704
517<-333: 0.005025125628140704
517<-517: 0.005025125628140704
144<-158: 0.005025125628140704
144<-144: 0.010050251256281407

nodeInfo=(Event,position embedding)
517: 517,11
557: 557,46
333: 333,13
144: 144,1
570: 570,9
158: 158,4


Sequence Order: 557 557 557 557 557 144 158 158 158 158 158 158 158 158 158 158 158 158 158 158 158 517 158 158 158 158 158 517 158 158 158 570 158 158 158 158 158 333 517 517 158 570 158 158 158 158 158 144 144 144