Label=Normal
network[son<-parent]=
557<-212: 0.010050251256281407
557<-557: 0.09547738693467336
212<-557: 0.005025125628140704
158<-557: 0.005025125628140704
158<-158: 0.08542713567839195
570<-158: 0.005025125628140704
333<-570: 0.005025125628140704
158<-333: 0.010050251256281407
517<-158: 0.010050251256281407
158<-517: 0.010050251256281407
333<-158: 0.005025125628140704

nodeInfo=(Event,position embedding)
517: 517,4
333: 333,9
557: 557,28
212: 212,29
570: 570,19
158: 158,1


Sequence Order: 212 557 557 557 557 557 557 557 557 557 557 557 557 557 557 557 557 557 557 557 557 212 557 158 158 158 158 158 158 158 158 570 333 158 158 158 158 158 158 517 158 333 158 158 158 158 517 158 158 158