Label=Anomalous
network[son<-parent]=
30<-377: 0.005025125628140704
353<-30: 0.005025125628140704
279<-353: 0.005025125628140704
213<-279: 0.005025125628140704
213<-213: 0.02512562814070352
103<-213: 0.005025125628140704
103<-103: 0.010050251256281407
397<-103: 0.005025125628140704
397<-397: 0.18090452261306533

nodeInfo=(Event,position embedding)
353: 353,48
103: 103,38
397: 397,1
213: 213,41
279: 279,47
377: 377,50
30: 30,49


Sequence Order: 377 30 353 279 213 213 213 213 213 213 103 103 103 397 397 397 397 397 397 397 397 397 397 397 397 397 397 397 397 397 397 397 397 397 397 397 397 397 397 397 397 397 397 397 397 397 397 397 397 397