Label=Normal
network[son<-parent]=
18<-18: 0.135678391959799
569<-18: 0.005025125628140704
270<-569: 0.005025125628140704
158<-270: 0.005025125628140704
333<-158: 0.005025125628140704
158<-333: 0.005025125628140704
158<-158: 0.035175879396984924
517<-158: 0.005025125628140704
158<-517: 0.005025125628140704
144<-158: 0.005025125628140704
333<-144: 0.005025125628140704
144<-333: 0.005025125628140704
144<-144: 0.02512562814070352

nodeInfo=(Event,position embedding)
517: 517,10
333: 333,7
270: 270,21
144: 144,1
18: 18,23
569: 569,22
158: 158,9


Sequence Order: 18 18 18 18 18 18 18 18 18 18 18 18 18 18 18 18 18 18 18 18 18 18 18 18 18 18 18 18 569 270 158 333 158 158 158 158 158 158 158 158 517 158 144 333 144 144 144 144 144 144