Label=Normal
network[son<-parent]=
158<-158: 0.020100502512562814
333<-158: 0.005025125628140704
333<-333: 0.005025125628140704
158<-333: 0.005025125628140704
570<-158: 0.005025125628140704
570<-570: 0.005025125628140704
158<-570: 0.005025125628140704
557<-158: 0.005025125628140704
557<-557: 0.08542713567839195
333<-557: 0.010050251256281407
557<-333: 0.005025125628140704
517<-333: 0.005025125628140704
557<-517: 0.010050251256281407
212<-557: 0.01507537688442211
212<-212: 0.04020100502512563
557<-212: 0.010050251256281407
517<-212: 0.005025125628140704
517<-517: 0.005025125628140704

nodeInfo=(Event,position embedding)
517: 517,5
557: 557,1
333: 333,24
212: 212,7
570: 570,41
158: 158,40


Sequence Order: 158 158 158 158 158 333 333 158 570 570 158 557 557 557 557 333 557 557 557 557 557 557 557 557 557 557 333 517 557 557 557 212 212 212 212 212 212 212 212 557 212 212 557 212 517 517 557 557 557 557