Label=Normal
network[son<-parent]=
126<-126: 0.01507537688442211
135<-126: 0.03015075376884422
443<-135: 0.005025125628140704
135<-443: 0.005025125628140704
78<-135: 0.03015075376884422
135<-78: 0.035175879396984924
135<-135: 0.06532663316582915
126<-135: 0.03015075376884422
78<-126: 0.010050251256281407
126<-78: 0.005025125628140704
78<-78: 0.01507537688442211

nodeInfo=(Event,position embedding)
78: 78,5
443: 443,47
126: 126,11
135: 135,1


Sequence Order: 126 126 135 443 135 78 135 135 135 126 135 126 78 135 135 78 135 135 135 126 126 78 126 135 126 135 135 126 126 135 135 78 135 78 78 78 78 135 135 126 135 78 135 135 135 78 135 135 135 135