Label=Normal
network[son<-parent]=
158<-212: 0.005025125628140704
570<-158: 0.005025125628140704
557<-570: 0.005025125628140704
212<-557: 0.005025125628140704
104<-212: 0.005025125628140704
104<-104: 0.22110552763819097

nodeInfo=(Event,position embedding)
104: 104,1
557: 557,47
212: 212,46
570: 570,48
158: 158,49


Sequence Order: 212 158 570 557 212 104 104 104 104 104 104 104 104 104 104 104 104 104 104 104 104 104 104 104 104 104 104 104 104 104 104 104 104 104 104 104 104 104 104 104 104 104 104 104 104 104 104 104 104 104