Label=Anomalous
network[son<-parent]=
44<-44: 0.135678391959799
127<-44: 0.005025125628140704
44<-127: 0.005025125628140704
126<-44: 0.005025125628140704
206<-126: 0.010050251256281407
549<-206: 0.005025125628140704
135<-549: 0.010050251256281407
135<-135: 0.01507537688442211
126<-135: 0.01507537688442211
126<-206: 0.005025125628140704
135<-126: 0.01507537688442211
549<-135: 0.005025125628140704
126<-126: 0.010050251256281407
78<-135: 0.005025125628140704

nodeInfo=(Event,position embedding)
549: 549,10
135: 135,2
44: 44,21
206: 206,14
78: 78,1
126: 126,4
127: 127,28


Sequence Order: 44 44 44 44 44 44 44 44 44 44 44 44 44 44 44 44 44 44 44 44 44 44 127 44 44 44 44 44 44 44 126 206 549 135 135 126 206 126 135 135 549 135 126 126 126 135 126 135 135 78