Label=Normal
network[son<-parent]=
557<-158: 0.020100502512562814
158<-557: 0.01507537688442211
158<-158: 0.03015075376884422
557<-557: 0.135678391959799
333<-158: 0.005025125628140704
517<-333: 0.005025125628140704
158<-517: 0.005025125628140704
517<-557: 0.005025125628140704
557<-517: 0.005025125628140704
212<-557: 0.005025125628140704
557<-212: 0.005025125628140704
289<-557: 0.005025125628140704
557<-289: 0.005025125628140704

nodeInfo=(Event,position embedding)
289: 289,11
517: 517,24
333: 333,41
557: 557,1
212: 212,22
158: 158,33


Sequence Order: 158 557 158 158 158 158 557 557 158 333 517 158 557 557 158 158 158 158 557 557 557 557 557 557 557 557 517 557 212 557 557 557 557 557 557 557 557 557 557 289 557 557 557 557 557 557 557 557 557 557