Label=Anomalous
network[son<-parent]=
546<-265: 0.04020100502512563
462<-546: 0.04020100502512563
265<-462: 0.04020100502512563
315<-265: 0.005025125628140704
315<-315: 0.01507537688442211
15<-315: 0.005025125628140704
15<-15: 0.005025125628140704
7<-15: 0.005025125628140704
7<-7: 0.09045226130653267

nodeInfo=(Event,position embedding)
546: 546,28
7: 7,1
265: 265,26
462: 462,27
15: 15,20
315: 315,22


Sequence Order: 265 546 462 265 546 462 265 546 462 265 546 462 265 546 462 265 546 462 265 546 462 265 546 462 265 315 315 315 315 15 15 7 7 7 7 7 7 7 7 7 7 7 7 7 7 7 7 7 7 7