Label=Normal
network[son<-parent]=
158<-158: 0.020100502512562814
557<-158: 0.020100502512562814
557<-557: 0.09045226130653267
158<-557: 0.01507537688442211
333<-158: 0.005025125628140704
517<-333: 0.010050251256281407
557<-517: 0.010050251256281407
570<-557: 0.005025125628140704
158<-570: 0.005025125628140704
145<-557: 0.005025125628140704
557<-145: 0.005025125628140704
333<-557: 0.010050251256281407
212<-333: 0.005025125628140704
557<-212: 0.020100502512562814
212<-557: 0.01507537688442211
212<-212: 0.005025125628140704

nodeInfo=(Event,position embedding)
517: 517,5
333: 333,6
557: 557,1
145: 145,29
212: 212,10
570: 570,35
158: 158,32


Sequence Order: 158 158 557 557 158 557 557 158 158 557 557 158 333 517 557 570 158 158 158 557 557 145 557 333 212 557 557 557 557 557 557 557 212 212 557 212 557 557 557 557 212 557 557 557 333 517 557 557 557 557