Label=Normal
network[son<-parent]=
557<-557: 0.06030150753768844
212<-557: 0.005025125628140704
557<-212: 0.005025125628140704
144<-557: 0.005025125628140704
96<-144: 0.005025125628140704
575<-96: 0.010050251256281407
96<-575: 0.005025125628140704
358<-575: 0.005025125628140704
575<-358: 0.005025125628140704
144<-575: 0.005025125628140704
158<-144: 0.005025125628140704
158<-158: 0.020100502512562814
144<-158: 0.005025125628140704
144<-144: 0.09547738693467336
212<-144: 0.005025125628140704
144<-212: 0.005025125628140704

nodeInfo=(Event,position embedding)
96: 96,32
358: 358,30
557: 557,36
144: 144,1
212: 212,3
158: 158,23
575: 575,29


Sequence Order: 557 557 557 557 557 557 557 557 557 557 212 557 557 557 557 144 96 575 96 575 358 575 144 158 158 158 158 158 144 144 144 144 144 144 144 144 144 144 144 144 144 144 144 144 144 144 144 212 144 144