Label=Normal
network[son<-parent]=
557<-557: 0.11557788944723618
212<-557: 0.010050251256281407
557<-212: 0.005025125628140704
158<-557: 0.005025125628140704
158<-158: 0.035175879396984924
517<-158: 0.005025125628140704
158<-517: 0.005025125628140704
557<-158: 0.005025125628140704
517<-557: 0.005025125628140704
557<-517: 0.005025125628140704
212<-212: 0.04020100502512563
94<-212: 0.005025125628140704
96<-94: 0.005025125628140704

nodeInfo=(Event,position embedding)
96: 96,1
517: 517,13
557: 557,12
212: 212,3
158: 158,22
94: 94,2


Sequence Order: 557 557 557 557 557 557 557 557 557 557 557 557 557 212 557 557 557 557 557 158 158 158 158 158 158 158 158 517 158 557 557 557 557 557 557 557 557 517 557 212 212 212 212 212 212 212 212 212 94 96