Label=Normal
network[son<-parent]=
158<-158: 0.11055276381909548
333<-158: 0.005025125628140704
158<-333: 0.005025125628140704
557<-158: 0.010050251256281407
557<-557: 0.11055276381909548
158<-557: 0.005025125628140704

nodeInfo=(Event,position embedding)
557: 557,1
333: 333,29
158: 158,7


Sequence Order: 158 158 158 158 158 158 158 158 158 158 158 158 158 158 158 158 158 158 158 158 158 333 158 158 158 557 557 557 557 557 557 557 557 557 557 557 557 557 557 557 557 557 557 158 557 557 557 557 557 557