Label=Normal
network[son<-parent]=
575<-96: 0.01507537688442211
96<-575: 0.005025125628140704
270<-575: 0.005025125628140704
158<-270: 0.005025125628140704
144<-158: 0.010050251256281407
144<-144: 0.1457286432160804
212<-144: 0.01507537688442211
96<-212: 0.005025125628140704
144<-575: 0.005025125628140704
158<-144: 0.005025125628140704
158<-158: 0.01507537688442211
212<-212: 0.005025125628140704
144<-212: 0.010050251256281407

nodeInfo=(Event,position embedding)
96: 96,41
270: 270,46
144: 144,1
212: 212,24
158: 158,35
575: 575,40


Sequence Order: 96 575 96 575 270 158 144 144 212 96 575 144 158 158 158 158 144 144 144 144 144 212 212 144 144 144 212 144 144 144 144 144 144 144 144 144 144 144 144 144 144 144 144 144 144 144 144 144 144 144