Label=Normal
network[son<-parent]=
557<-557: 0.05025125628140704
212<-557: 0.01507537688442211
557<-212: 0.010050251256281407
87<-212: 0.005025125628140704
144<-87: 0.005025125628140704
96<-144: 0.005025125628140704
575<-96: 0.005025125628140704
144<-575: 0.005025125628140704
158<-144: 0.005025125628140704
158<-158: 0.09547738693467336
570<-158: 0.01507537688442211
158<-570: 0.01507537688442211
517<-158: 0.005025125628140704
517<-517: 0.005025125628140704
158<-517: 0.005025125628140704

nodeInfo=(Event,position embedding)
96: 96,32
517: 517,6
557: 557,36
144: 144,30
212: 212,35
87: 87,34
570: 570,4
158: 158,1
575: 575,31


Sequence Order: 557 557 557 212 557 557 557 557 557 212 557 557 557 557 557 212 87 144 96 575 144 158 158 570 158 158 158 158 158 158 158 570 158 158 158 158 158 158 158 158 158 158 158 517 517 158 570 158 158 158