Label=Normal
network[son<-parent]=
557<-557: 0.005025125628140704
212<-557: 0.005025125628140704
144<-212: 0.005025125628140704
144<-144: 0.05025125628140704
158<-144: 0.010050251256281407
158<-158: 0.1306532663316583
570<-158: 0.005025125628140704
158<-570: 0.005025125628140704
333<-158: 0.005025125628140704
158<-333: 0.005025125628140704
144<-158: 0.010050251256281407
333<-144: 0.005025125628140704
144<-333: 0.005025125628140704

nodeInfo=(Event,position embedding)
557: 557,49
333: 333,5
144: 144,1
212: 212,48
570: 570,38
158: 158,3


Sequence Order: 557 557 212 144 144 144 158 158 158 158 158 158 570 158 158 333 158 158 158 158 158 158 158 158 158 158 158 158 158 158 158 158 158 158 158 158 158 144 144 144 144 144 144 144 144 333 144 158 144 144