Label=Normal
network[son<-parent]=
333<-557: 0.010050251256281407
557<-333: 0.010050251256281407
212<-557: 0.05025125628140704
557<-212: 0.05025125628140704
557<-557: 0.11055276381909548
212<-333: 0.005025125628140704
212<-212: 0.005025125628140704
333<-212: 0.005025125628140704

nodeInfo=(Event,position embedding)
212: 212,5
333: 333,4
557: 557,1


Sequence Order: 557 333 557 212 557 212 557 557 557 212 557 557 212 557 557 557 557 212 557 557 212 557 212 557 557 557 557 333 212 212 557 557 557 557 557 212 557 557 557 557 212 557 557 557 557 212 333 557 557 557