Label=Normal
network[son<-parent]=
158<-212: 0.04522613065326633
557<-158: 0.05527638190954774
212<-557: 0.05527638190954774
569<-212: 0.005025125628140704
570<-569: 0.005025125628140704
158<-570: 0.005025125628140704
158<-158: 0.01507537688442211
557<-557: 0.02512562814070352
212<-212: 0.010050251256281407
333<-212: 0.005025125628140704
517<-333: 0.005025125628140704
212<-517: 0.005025125628140704
517<-212: 0.005025125628140704
158<-517: 0.005025125628140704

nodeInfo=(Event,position embedding)
517: 517,14
557: 557,2
333: 333,17
212: 212,1
569: 569,43
570: 570,42
158: 158,4


Sequence Order: 212 158 557 212 158 557 212 569 570 158 158 557 557 212 212 158 557 212 158 557 557 212 158 158 557 557 212 212 158 158 557 557 212 333 517 212 517 158 557 212 158 557 212 158 557 212 158 557 557 212