Label=Normal
network[son<-parent]=
570<-517: 0.005025125628140704
158<-570: 0.01507537688442211
557<-158: 0.04020100502512563
212<-557: 0.035175879396984924
158<-212: 0.03015075376884422
158<-158: 0.02512562814070352
557<-557: 0.05527638190954774
212<-212: 0.03015075376884422
570<-158: 0.005025125628140704
570<-212: 0.005025125628140704

nodeInfo=(Event,position embedding)
517: 517,50
557: 557,1
212: 212,8
570: 570,7
158: 158,6


Sequence Order: 517 570 158 557 212 158 158 557 557 212 212 158 557 557 212 158 557 212 158 570 158 557 557 212 212 158 158 158 158 557 557 557 557 212 212 212 212 158 158 557 557 212 212 570 158 557 557 557 557 557