Label=Normal
network[son<-parent]=
333<-212: 0.005025125628140704
333<-333: 0.005025125628140704
212<-333: 0.005025125628140704
212<-212: 0.03015075376884422
557<-212: 0.04522613065326633
212<-557: 0.04020100502512563
557<-557: 0.09045226130653267
517<-212: 0.005025125628140704
517<-517: 0.005025125628140704
212<-517: 0.005025125628140704
517<-557: 0.005025125628140704
557<-517: 0.005025125628140704

nodeInfo=(Event,position embedding)
517: 517,20
557: 557,1
212: 212,4
333: 333,48


Sequence Order: 212 333 333 212 212 212 557 212 212 212 557 557 212 557 212 212 557 212 557 557 212 517 517 212 557 557 557 557 557 557 517 557 212 557 557 212 212 557 557 557 557 557 557 557 557 557 212 557 557 557