Label=Normal
network[son<-parent]=
212<-557: 0.010050251256281407
158<-212: 0.010050251256281407
158<-158: 0.04522613065326633
557<-158: 0.005025125628140704
557<-557: 0.04020100502512563
517<-557: 0.005025125628140704
517<-517: 0.005025125628140704
174<-517: 0.005025125628140704
557<-174: 0.01507537688442211
212<-212: 0.01507537688442211
174<-212: 0.005025125628140704
212<-174: 0.01507537688442211
174<-158: 0.010050251256281407
174<-174: 0.035175879396984924
174<-557: 0.010050251256281407
570<-212: 0.005025125628140704
570<-570: 0.005025125628140704
158<-570: 0.005025125628140704

nodeInfo=(Event,position embedding)
517: 517,42
557: 557,3
174: 174,2
212: 212,1
570: 570,19
158: 158,13


Sequence Order: 557 212 158 158 158 557 557 517 517 174 557 212 212 174 212 158 158 158 174 174 174 174 557 557 557 174 174 212 212 212 570 570 158 158 158 158 158 158 174 174 174 174 557 557 557 557 557 557 174 212