Label=Normal
network[son<-parent]=
7<-7: 0.08040201005025126
158<-7: 0.005025125628140704
158<-158: 0.035175879396984924
517<-158: 0.005025125628140704
517<-517: 0.005025125628140704
158<-517: 0.005025125628140704
104<-158: 0.005025125628140704
104<-104: 0.005025125628140704
158<-104: 0.005025125628140704
557<-158: 0.020100502512562814
557<-557: 0.02512562814070352
158<-557: 0.01507537688442211
333<-557: 0.005025125628140704
333<-333: 0.005025125628140704
557<-333: 0.005025125628140704
212<-557: 0.005025125628140704
212<-212: 0.010050251256281407
557<-212: 0.005025125628140704

nodeInfo=(Event,position embedding)
517: 517,26
7: 7,34
104: 104,22
557: 557,1
333: 333,10
212: 212,3
158: 158,8


Sequence Order: 7 7 7 7 7 7 7 7 7 7 7 7 7 7 7 7 7 158 158 158 158 158 158 517 517 158 158 104 104 158 557 557 557 557 158 158 557 158 557 333 333 557 158 557 557 212 212 212 557 557