Label=Normal
network[son<-parent]=
333<-557: 0.02512562814070352
212<-333: 0.01507537688442211
557<-212: 0.020100502512562814
212<-557: 0.010050251256281407
557<-333: 0.010050251256281407
517<-557: 0.020100502512562814
557<-517: 0.020100502512562814
557<-557: 0.02512562814070352
144<-212: 0.01507537688442211
158<-144: 0.005025125628140704
158<-158: 0.03015075376884422
144<-158: 0.005025125628140704
144<-144: 0.03015075376884422
212<-144: 0.010050251256281407
212<-212: 0.005025125628140704

nodeInfo=(Event,position embedding)
517: 517,28
333: 333,34
557: 557,22
144: 144,1
212: 212,3
158: 158,13


Sequence Order: 557 333 212 557 212 557 333 557 333 212 557 517 557 333 212 557 333 557 517 557 517 557 517 557 557 557 557 557 557 212 144 158 158 158 158 158 158 158 144 144 144 144 144 144 212 212 144 212 144 144