Label=Normal
network[son<-parent]=
557<-158: 0.005025125628140704
212<-557: 0.01507537688442211
557<-212: 0.01507537688442211
333<-557: 0.02512562814070352
557<-333: 0.020100502512562814
557<-557: 0.15577889447236182
158<-333: 0.005025125628140704
158<-158: 0.005025125628140704

nodeInfo=(Event,position embedding)
333: 333,3
212: 212,26
557: 557,4
158: 158,1


Sequence Order: 158 557 212 557 333 557 212 557 333 557 557 333 557 557 333 557 557 557 557 557 557 557 557 557 212 557 557 557 557 557 557 557 557 557 557 557 557 557 557 557 557 557 557 557 557 557 557 333 158 158