Label=Normal
network[son<-parent]=
212<-557: 0.04020100502512563
212<-212: 0.01507537688442211
557<-212: 0.04020100502512563
557<-557: 0.1407035175879397
517<-557: 0.005025125628140704
557<-517: 0.005025125628140704

nodeInfo=(Event,position embedding)
517: 517,37
212: 212,6
557: 557,1


Sequence Order: 557 212 212 212 557 557 212 557 557 557 557 557 557 517 557 212 557 557 557 557 557 557 212 557 212 557 557 557 557 557 557 212 212 557 557 557 557 212 557 557 557 557 557 557 212 557 557 557 557 557