Label=Normal
network[son<-parent]=
90<-158: 0.005025125628140704
90<-90: 0.005025125628140704
158<-90: 0.005025125628140704
158<-158: 0.05025125628140704
557<-158: 0.04020100502512563
158<-557: 0.04020100502512563
333<-158: 0.005025125628140704
517<-333: 0.005025125628140704
158<-517: 0.005025125628140704
557<-557: 0.07035175879396985
333<-557: 0.005025125628140704
333<-333: 0.005025125628140704
557<-333: 0.005025125628140704

nodeInfo=(Event,position embedding)
517: 517,40
333: 333,7
557: 557,3
90: 90,48
158: 158,1


Sequence Order: 158 90 90 158 158 557 158 158 158 333 517 158 557 158 158 158 158 557 158 158 158 557 557 158 557 557 557 557 557 158 557 557 557 557 557 557 557 557 557 158 158 557 333 333 557 557 158 557 158 158