Label=Normal
network[son<-parent]=
557<-557: 0.10552763819095477
517<-557: 0.005025125628140704
557<-517: 0.005025125628140704
212<-557: 0.035175879396984924
212<-212: 0.010050251256281407
557<-212: 0.020100502512562814
158<-212: 0.010050251256281407
158<-158: 0.010050251256281407
557<-158: 0.010050251256281407
517<-212: 0.005025125628140704
333<-517: 0.005025125628140704
517<-333: 0.005025125628140704
517<-517: 0.005025125628140704
570<-517: 0.005025125628140704
570<-570: 0.005025125628140704
158<-570: 0.005025125628140704

nodeInfo=(Event,position embedding)
517: 517,4
333: 333,6
557: 557,9
212: 212,8
570: 570,2
158: 158,1


Sequence Order: 557 557 557 557 557 557 517 557 212 212 557 212 557 212 212 557 557 557 557 557 212 557 557 557 557 557 557 557 557 557 557 557 212 158 158 158 557 557 557 212 158 557 212 517 333 517 517 570 570 158