Label=Anomalous
network[son<-parent]=
396<-406: 0.005025125628140704
396<-396: 0.020100502512562814
390<-396: 0.005025125628140704
117<-390: 0.005025125628140704
117<-117: 0.005025125628140704
365<-117: 0.005025125628140704
431<-365: 0.005025125628140704
192<-431: 0.005025125628140704
213<-192: 0.005025125628140704
578<-213: 0.005025125628140704
548<-578: 0.005025125628140704
548<-548: 0.07537688442211055
546<-548: 0.005025125628140704
462<-546: 0.035175879396984924
265<-462: 0.03015075376884422
546<-265: 0.03015075376884422

nodeInfo=(Event,position embedding)
192: 192,39
578: 578,37
546: 546,2
548: 548,21
390: 390,44
265: 265,3
396: 396,45
365: 365,41
462: 462,1
431: 431,40
117: 117,42
406: 406,50
213: 213,38


Sequence Order: 406 396 396 396 396 396 390 117 117 365 431 192 213 578 548 548 548 548 548 548 548 548 548 548 548 548 548 548 548 548 546 462 265 546 462 265 546 462 265 546 462 265 546 462 265 546 462 265 546 462