Label=Normal
network[son<-parent]=
158<-212: 0.010050251256281407
158<-158: 0.005025125628140704
517<-158: 0.010050251256281407
158<-517: 0.005025125628140704
517<-517: 0.010050251256281407
557<-517: 0.01507537688442211
557<-557: 0.06532663316582915
212<-557: 0.03015075376884422
557<-158: 0.010050251256281407
557<-212: 0.020100502512562814
333<-557: 0.005025125628140704
517<-333: 0.005025125628140704
158<-557: 0.010050251256281407
212<-158: 0.005025125628140704
212<-212: 0.035175879396984924
517<-212: 0.005025125628140704

nodeInfo=(Event,position embedding)
517: 517,9
333: 333,30
557: 557,2
212: 212,1
158: 158,22


Sequence Order: 212 158 158 517 158 517 517 557 557 557 212 158 557 557 557 557 212 557 557 557 333 517 557 557 557 158 557 557 158 212 212 212 557 557 212 212 212 212 212 212 517 517 557 557 212 557 212 557 557 212