Label=Normal
network[son<-parent]=
557<-212: 0.05527638190954774
212<-557: 0.05527638190954774
212<-212: 0.04522613065326633
557<-557: 0.06030150753768844
333<-557: 0.005025125628140704
333<-333: 0.010050251256281407
557<-333: 0.005025125628140704
333<-212: 0.005025125628140704
212<-333: 0.005025125628140704

nodeInfo=(Event,position embedding)
333: 333,24
212: 212,1
557: 557,2


Sequence Order: 212 557 212 212 557 557 557 557 212 212 557 557 557 557 333 333 557 212 212 557 212 557 557 212 212 333 333 212 557 212 557 557 212 212 212 212 212 557 212 557 557 557 557 557 212 557 212 212 557 212