Label=Normal
network[son<-parent]=
212<-557: 0.035175879396984924
212<-212: 0.02512562814070352
557<-212: 0.03015075376884422
557<-557: 0.07035175879396985
158<-212: 0.005025125628140704
158<-158: 0.035175879396984924
517<-158: 0.010050251256281407
517<-517: 0.010050251256281407
158<-517: 0.010050251256281407
557<-158: 0.010050251256281407
158<-557: 0.005025125628140704

nodeInfo=(Event,position embedding)
517: 517,29
212: 212,2
557: 557,1
158: 158,27


Sequence Order: 557 212 212 557 557 557 557 212 158 158 158 158 517 517 158 158 158 158 557 158 517 517 158 158 557 557 557 557 557 557 557 557 557 557 557 212 557 212 212 557 212 212 557 212 557 557 212 212 212 557