Label=Normal
network[son<-parent]=
464<-158: 0.010050251256281407
464<-464: 0.16080402010050251
158<-464: 0.005025125628140704
557<-464: 0.02512562814070352
464<-557: 0.02512562814070352
212<-464: 0.010050251256281407
464<-212: 0.010050251256281407

nodeInfo=(Event,position embedding)
464: 464,1
212: 212,22
557: 557,26
158: 158,47


Sequence Order: 158 464 464 158 464 464 464 464 557 464 557 464 464 464 464 212 464 557 464 464 464 557 464 464 557 464 464 464 212 464 464 464 464 464 464 464 464 464 464 464 464 464 464 464 464 464 464 464 464 464