Label=Anomalous
network[son<-parent]=
575<-541: 0.020100502512562814
541<-575: 0.01507537688442211
541<-541: 0.10552763819095477
575<-575: 0.03015075376884422
276<-575: 0.010050251256281407
276<-276: 0.01507537688442211
575<-276: 0.010050251256281407
61<-575: 0.005025125628140704
61<-61: 0.005025125628140704
541<-61: 0.005025125628140704
517<-541: 0.005025125628140704
517<-517: 0.005025125628140704
570<-517: 0.005025125628140704
570<-570: 0.005025125628140704
158<-570: 0.005025125628140704

nodeInfo=(Event,position embedding)
541: 541,6
517: 517,4
276: 276,12
570: 570,2
61: 61,8
158: 158,1
575: 575,10


Sequence Order: 541 575 541 541 541 575 541 541 541 541 541 541 541 541 541 541 541 541 541 541 575 575 575 575 541 541 541 541 541 541 575 276 276 276 575 575 575 276 276 575 575 61 61 541 541 517 517 570 570 158