Label=Normal
network[son<-parent]=
557<-158: 0.005025125628140704
557<-557: 0.005025125628140704
212<-557: 0.010050251256281407
517<-212: 0.005025125628140704
517<-517: 0.005025125628140704
557<-517: 0.005025125628140704
212<-212: 0.010050251256281407
536<-212: 0.005025125628140704
351<-536: 0.005025125628140704
351<-351: 0.19095477386934673

nodeInfo=(Event,position embedding)
517: 517,45
557: 557,44
212: 212,41
536: 536,40
158: 158,50
351: 351,1


Sequence Order: 158 557 557 212 517 517 557 212 212 212 536 351 351 351 351 351 351 351 351 351 351 351 351 351 351 351 351 351 351 351 351 351 351 351 351 351 351 351 351 351 351 351 351 351 351 351 351 351 351 351