Label=Normal
network[son<-parent]=
546<-406: 0.005025125628140704
462<-546: 0.07537688442211055
265<-462: 0.07537688442211055
546<-265: 0.07035175879396985
315<-265: 0.005025125628140704
315<-315: 0.01507537688442211

nodeInfo=(Event,position embedding)
546: 546,7
265: 265,5
462: 462,6
406: 406,50
315: 315,1


Sequence Order: 406 546 462 265 546 462 265 546 462 265 546 462 265 546 462 265 546 462 265 546 462 265 546 462 265 546 462 265 546 462 265 546 462 265 546 462 265 546 462 265 546 462 265 546 462 265 315 315 315 315