Label=Normal
network[son<-parent]=
557<-557: 0.1407035175879397
212<-557: 0.010050251256281407
557<-212: 0.005025125628140704
158<-557: 0.005025125628140704
158<-158: 0.020100502512562814
557<-158: 0.005025125628140704
212<-212: 0.02512562814070352
158<-212: 0.005025125628140704
411<-158: 0.005025125628140704
158<-411: 0.005025125628140704
333<-158: 0.005025125628140704
557<-333: 0.005025125628140704
411<-557: 0.005025125628140704
212<-411: 0.005025125628140704

nodeInfo=(Event,position embedding)
333: 333,10
557: 557,6
212: 212,1
411: 411,5
158: 158,11


Sequence Order: 557 557 557 557 557 557 557 557 557 557 557 557 212 557 557 557 557 557 557 557 557 557 557 557 557 557 158 158 158 557 557 557 212 212 212 158 158 158 411 158 333 557 557 557 557 411 212 212 212 212