Label=Normal
network[son<-parent]=
517<-212: 0.005025125628140704
517<-517: 0.005025125628140704
212<-517: 0.005025125628140704
557<-212: 0.05025125628140704
557<-557: 0.09045226130653267
212<-557: 0.04522613065326633
212<-212: 0.04522613065326633

nodeInfo=(Event,position embedding)
557: 557,1
212: 212,5
517: 517,48


Sequence Order: 212 517 517 212 557 557 212 557 557 212 557 557 557 557 557 212 557 557 557 557 557 557 212 557 212 212 212 212 212 557 557 557 557 212 557 557 212 212 212 557 212 212 212 557 212 212 557 557 557 557