Label=Normal
network[son<-parent]=
158<-212: 0.02512562814070352
158<-158: 0.020100502512562814
557<-158: 0.035175879396984924
557<-557: 0.06030150753768844
333<-557: 0.005025125628140704
212<-333: 0.005025125628140704
333<-212: 0.005025125628140704
557<-333: 0.005025125628140704
517<-557: 0.005025125628140704
557<-517: 0.005025125628140704
212<-557: 0.035175879396984924
517<-212: 0.010050251256281407
158<-517: 0.010050251256281407
517<-517: 0.005025125628140704
212<-212: 0.010050251256281407
557<-212: 0.005025125628140704

nodeInfo=(Event,position embedding)
517: 517,32
333: 333,43
557: 557,1
212: 212,3
158: 158,2


Sequence Order: 212 158 158 557 557 333 212 333 557 517 557 212 517 158 557 557 212 517 517 158 158 158 158 557 557 557 557 212 212 212 557 557 557 557 557 557 557 212 158 557 212 158 557 212 158 557 557 212 158 557