Label=Normal
network[son<-parent]=
265<-462: 0.07537688442211055
462<-265: 0.005025125628140704
546<-265: 0.06532663316582915
462<-546: 0.07035175879396985
315<-265: 0.005025125628140704
315<-315: 0.005025125628140704
546<-315: 0.005025125628140704
546<-546: 0.005025125628140704
462<-462: 0.005025125628140704
265<-265: 0.005025125628140704

nodeInfo=(Event,position embedding)
265: 265,3
546: 546,2
315: 315,21
462: 462,1


Sequence Order: 462 265 462 265 546 462 265 546 462 265 546 462 265 546 462 265 546 462 265 546 462 265 546 462 265 546 462 265 315 315 546 462 265 546 462 265 546 546 462 462 265 265 546 462 265 546 462 265 546 462