Label=Normal
network[son<-parent]=
462<-546: 0.005025125628140704
462<-462: 0.04522613065326633
265<-462: 0.020100502512562814
265<-265: 0.05527638190954774
462<-265: 0.01507537688442211
315<-265: 0.005025125628140704
315<-315: 0.10050251256281408

nodeInfo=(Event,position embedding)
265: 265,22
546: 546,50
315: 315,1
462: 462,24


Sequence Order: 546 462 462 462 462 462 265 265 265 265 462 265 265 265 265 462 462 462 462 462 462 265 265 265 265 265 462 265 265 315 315 315 315 315 315 315 315 315 315 315 315 315 315 315 315 315 315 315 315 315