Label=Anomalous
network[son<-parent]=
103<-103: 0.17587939698492464
357<-103: 0.005025125628140704
103<-357: 0.005025125628140704
372<-103: 0.005025125628140704
27<-372: 0.005025125628140704
509<-27: 0.005025125628140704
213<-509: 0.005025125628140704
177<-213: 0.005025125628140704
213<-177: 0.005025125628140704
222<-213: 0.005025125628140704
222<-222: 0.02512562814070352

nodeInfo=(Event,position embedding)
357: 357,31
103: 103,13
177: 177,8
372: 372,12
213: 213,7
27: 27,11
509: 509,10
222: 222,1


Sequence Order: 103 103 103 103 103 103 103 103 103 103 103 103 103 103 103 103 103 103 103 357 103 103 103 103 103 103 103 103 103 103 103 103 103 103 103 103 103 103 372 27 509 213 177 213 222 222 222 222 222 222