Label=Normal
network[son<-parent]=
570<-212: 0.020100502512562814
570<-570: 0.04522613065326633
158<-570: 0.01507537688442211
557<-158: 0.020100502512562814
212<-557: 0.03015075376884422
557<-557: 0.03015075376884422
158<-158: 0.01507537688442211
212<-212: 0.01507537688442211
517<-570: 0.005025125628140704
517<-517: 0.010050251256281407
158<-517: 0.010050251256281407
570<-158: 0.010050251256281407
557<-570: 0.010050251256281407
158<-212: 0.005025125628140704
517<-212: 0.005025125628140704

nodeInfo=(Event,position embedding)
517: 517,6
557: 557,2
212: 212,1
570: 570,3
158: 158,5


Sequence Order: 212 570 570 158 557 212 570 570 158 557 557 557 557 212 570 570 570 570 570 570 158 158 557 557 212 212 570 517 517 158 158 570 570 557 557 212 212 158 158 557 557 212 212 517 517 158 570 570 557 212