Label=Anomalous
network[son<-parent]=
352<-352: 0.1507537688442211
116<-352: 0.005025125628140704
549<-116: 0.005025125628140704
344<-549: 0.005025125628140704
5<-344: 0.005025125628140704
246<-5: 0.005025125628140704
30<-246: 0.005025125628140704
353<-30: 0.005025125628140704
279<-353: 0.005025125628140704
213<-279: 0.005025125628140704
213<-213: 0.02512562814070352
158<-213: 0.005025125628140704
213<-158: 0.005025125628140704
557<-213: 0.005025125628140704
213<-557: 0.005025125628140704
535<-213: 0.005025125628140704

nodeInfo=(Event,position embedding)
352: 352,20
353: 353,13
535: 535,1
5: 5,16
549: 549,18
557: 557,3
116: 116,19
213: 213,2
246: 246,15
279: 279,12
344: 344,17
158: 158,5
30: 30,14


Sequence Order: 352 352 352 352 352 352 352 352 352 352 352 352 352 352 352 352 352 352 352 352 352 352 352 352 352 352 352 352 352 352 352 116 549 344 5 246 30 353 279 213 213 213 213 213 213 158 213 557 213 535