Label=Anomalous
network[son<-parent]=
73<-216: 0.005025125628140704
371<-73: 0.005025125628140704
66<-371: 0.005025125628140704
105<-66: 0.005025125628140704
213<-105: 0.005025125628140704
213<-213: 0.005025125628140704
541<-213: 0.005025125628140704
7<-541: 0.005025125628140704
7<-7: 0.20603015075376885

nodeInfo=(Event,position embedding)
66: 66,47
7: 7,1
73: 73,49
105: 105,46
371: 371,48
213: 213,44
216: 216,50
541: 541,43


Sequence Order: 216 73 371 66 105 213 213 541 7 7 7 7 7 7 7 7 7 7 7 7 7 7 7 7 7 7 7 7 7 7 7 7 7 7 7 7 7 7 7 7 7 7 7 7 7 7 7 7 7 7