Label=Anomalous
network[son<-parent]=
222<-177: 0.005025125628140704
222<-222: 0.12562814070351758
352<-222: 0.005025125628140704
352<-352: 0.035175879396984924
196<-352: 0.005025125628140704
58<-196: 0.005025125628140704
58<-58: 0.01507537688442211
486<-58: 0.005025125628140704
486<-486: 0.04522613065326633

nodeInfo=(Event,position embedding)
352: 352,16
196: 196,15
486: 486,1
177: 177,50
58: 58,11
222: 222,24


Sequence Order: 177 222 222 222 222 222 222 222 222 222 222 222 222 222 222 222 222 222 222 222 222 222 222 222 222 222 222 352 352 352 352 352 352 352 352 196 58 58 58 58 486 486 486 486 486 486 486 486 486 486