Label=Anomalous
network[son<-parent]=
61<-177: 0.005025125628140704
222<-61: 0.04020100502512563
61<-222: 0.035175879396984924
61<-61: 0.005025125628140704
222<-222: 0.005025125628140704
541<-222: 0.07035175879396985
222<-541: 0.06532663316582915
541<-541: 0.020100502512562814

nodeInfo=(Event,position embedding)
177: 177,50
541: 541,1
61: 61,34
222: 222,3


Sequence Order: 177 61 222 61 61 222 61 222 61 222 61 222 61 222 61 222 61 222 222 541 222 541 222 541 222 541 222 541 222 541 222 541 222 541 222 541 222 541 222 541 222 541 222 541 541 541 541 222 541 541