Label=Anomalous
network[son<-parent]=
177<-541: 0.005025125628140704
541<-177: 0.005025125628140704
541<-541: 0.06030150753768844
222<-541: 0.05025125628140704
541<-222: 0.04522613065326633
222<-222: 0.07537688442211055
583<-222: 0.005025125628140704

nodeInfo=(Event,position embedding)
177: 177,49
541: 541,18
222: 222,2
583: 583,1


Sequence Order: 541 177 541 541 222 541 222 541 541 222 541 541 222 541 222 541 541 541 541 541 541 541 222 541 222 541 541 222 541 222 541 541 541 222 222 222 222 222 222 222 222 222 222 222 222 222 222 222 222 583