Label=Normal
network[son<-parent]=
462<-546: 0.01507537688442211
462<-462: 0.005025125628140704
265<-462: 0.01507537688442211
265<-265: 0.005025125628140704
462<-265: 0.005025125628140704
546<-265: 0.010050251256281407
238<-462: 0.005025125628140704
315<-238: 0.005025125628140704
315<-315: 0.18090452261306533

nodeInfo=(Event,position embedding)
546: 546,40
265: 265,41
462: 462,39
238: 238,38
315: 315,1


Sequence Order: 546 462 462 265 265 462 265 546 462 265 546 462 238 315 315 315 315 315 315 315 315 315 315 315 315 315 315 315 315 315 315 315 315 315 315 315 315 315 315 315 315 315 315 315 315 315 315 315 315 315