Label=Anomalous
network[son<-parent]=
158<-557: 0.005025125628140704
557<-158: 0.04522613065326633
212<-557: 0.04522613065326633
158<-212: 0.04020100502512563
177<-212: 0.005025125628140704
222<-177: 0.005025125628140704
222<-222: 0.10050251256281408

nodeInfo=(Event,position embedding)
557: 557,24
177: 177,22
212: 212,23
158: 158,25
222: 222,1


Sequence Order: 557 158 557 212 158 557 212 158 557 212 158 557 212 158 557 212 158 557 212 158 557 212 158 557 212 158 557 212 177 222 222 222 222 222 222 222 222 222 222 222 222 222 222 222 222 222 222 222 222 222