Label=Anomalous
network[son<-parent]=
222<-177: 0.005025125628140704
222<-222: 0.09045226130653267
158<-222: 0.005025125628140704
557<-158: 0.05025125628140704
212<-557: 0.05025125628140704
158<-212: 0.04522613065326633

nodeInfo=(Event,position embedding)
557: 557,2
177: 177,50
212: 212,1
222: 222,31
158: 158,3


Sequence Order: 177 222 222 222 222 222 222 222 222 222 222 222 222 222 222 222 222 222 222 222 158 557 212 158 557 212 158 557 212 158 557 212 158 557 212 158 557 212 158 557 212 158 557 212 158 557 212 158 557 212