Label=Anomalous
network[son<-parent]=
222<-177: 0.005025125628140704
222<-222: 0.12060301507537688
61<-222: 0.005025125628140704
541<-61: 0.005025125628140704
222<-541: 0.005025125628140704
158<-222: 0.005025125628140704
557<-158: 0.020100502512562814
557<-557: 0.01507537688442211
212<-557: 0.010050251256281407
158<-212: 0.005025125628140704
222<-212: 0.005025125628140704
144<-222: 0.005025125628140704
144<-144: 0.01507537688442211
158<-144: 0.010050251256281407
158<-158: 0.005025125628140704
144<-557: 0.010050251256281407

nodeInfo=(Event,position embedding)
557: 557,2
144: 144,1
177: 177,50
222: 222,13
61: 61,38
212: 212,21
541: 541,37
158: 158,3


Sequence Order: 177 222 222 222 222 222 222 222 222 222 222 222 61 541 222 222 222 222 222 222 222 222 158 557 557 212 158 557 557 212 222 222 222 222 222 222 222 222 144 144 144 158 158 557 557 144 144 158 557 144