Label=Normal
network[son<-parent]=
158<-212: 0.005025125628140704
557<-158: 0.010050251256281407
212<-557: 0.010050251256281407
570<-212: 0.005025125628140704
158<-570: 0.005025125628140704
158<-158: 0.005025125628140704
557<-557: 0.005025125628140704
212<-212: 0.005025125628140704
517<-212: 0.005025125628140704
517<-517: 0.005025125628140704
535<-517: 0.005025125628140704
535<-535: 0.18090452261306533

nodeInfo=(Event,position embedding)
517: 517,38
557: 557,42
212: 212,40
535: 535,1
570: 570,46
158: 158,44


Sequence Order: 212 158 557 212 570 158 158 557 557 212 212 517 517 535 535 535 535 535 535 535 535 535 535 535 535 535 535 535 535 535 535 535 535 535 535 535 535 535 535 535 535 535 535 535 535 535 535 535 535 535