Label=Normal
network[son<-parent]=
158<-212: 0.020100502512562814
557<-158: 0.020100502512562814
212<-557: 0.02512562814070352
333<-212: 0.005025125628140704
158<-333: 0.005025125628140704
517<-158: 0.005025125628140704
557<-517: 0.005025125628140704
557<-557: 0.020100502512562814
535<-212: 0.005025125628140704
535<-535: 0.135678391959799

nodeInfo=(Event,position embedding)
517: 517,44
333: 333,46
557: 557,30
212: 212,29
535: 535,1
158: 158,35


Sequence Order: 212 158 557 212 333 158 517 557 212 158 557 212 158 557 212 158 557 557 557 557 557 212 535 535 535 535 535 535 535 535 535 535 535 535 535 535 535 535 535 535 535 535 535 535 535 535 535 535 535 535