Label=Normal
network[son<-parent]=
265<-265: 0.005025125628140704
546<-265: 0.05025125628140704
462<-546: 0.06030150753768844
265<-462: 0.06532663316582915
287<-265: 0.005025125628140704
546<-287: 0.005025125628140704
315<-265: 0.01507537688442211
315<-315: 0.005025125628140704
546<-315: 0.005025125628140704
546<-546: 0.010050251256281407
462<-265: 0.005025125628140704
462<-315: 0.005025125628140704
315<-462: 0.005025125628140704
265<-315: 0.005025125628140704

nodeInfo=(Event,position embedding)
546: 546,4
265: 265,2
462: 462,3
315: 315,1
287: 287,39


Sequence Order: 265 265 546 462 265 546 462 265 546 462 265 287 546 462 265 546 462 265 315 315 546 462 265 546 546 462 265 462 265 546 462 265 546 462 265 546 546 462 265 546 462 265 315 462 315 265 546 462 265 315