Label=Normal
network[son<-parent]=
462<-462: 0.01507537688442211
265<-462: 0.05025125628140704
462<-265: 0.035175879396984924
265<-265: 0.03015075376884422
360<-265: 0.005025125628140704
546<-360: 0.005025125628140704
462<-546: 0.02512562814070352
546<-265: 0.01507537688442211
546<-546: 0.03015075376884422
546<-462: 0.01507537688442211
265<-546: 0.010050251256281407
500<-265: 0.005025125628140704
546<-500: 0.005025125628140704

nodeInfo=(Event,position embedding)
546: 546,1
360: 360,40
265: 265,3
462: 462,4
500: 500,6


Sequence Order: 462 462 265 462 265 462 265 265 265 265 360 546 462 265 546 546 546 546 546 462 462 546 462 265 462 265 462 265 265 462 265 265 546 546 462 546 265 462 546 265 462 462 265 265 500 546 462 265 546 546