Label=Normal
network[son<-parent]=
265<-546: 0.005025125628140704
462<-265: 0.010050251256281407
265<-462: 0.04522613065326633
315<-265: 0.01507537688442211
315<-315: 0.02512562814070352
546<-315: 0.010050251256281407
462<-546: 0.035175879396984924
546<-546: 0.02512562814070352
462<-462: 0.020100502512562814
265<-265: 0.020100502512562814
360<-315: 0.005025125628140704
546<-360: 0.005025125628140704
546<-265: 0.02512562814070352

nodeInfo=(Event,position embedding)
546: 546,1
360: 360,26
265: 265,2
462: 462,3
315: 315,27


Sequence Order: 546 265 462 265 315 315 315 315 546 462 265 315 315 546 546 546 462 462 462 265 265 265 315 315 360 546 462 265 546 546 462 462 265 265 546 462 265 546 546 546 462 462 265 462 265 265 546 462 265 546