Label=Normal
network[son<-parent]=
546<-462: 0.005025125628140704
265<-546: 0.005025125628140704
462<-265: 0.005025125628140704
265<-462: 0.005025125628140704
315<-265: 0.005025125628140704
315<-315: 0.1457286432160804
287<-315: 0.005025125628140704
500<-287: 0.005025125628140704
500<-500: 0.035175879396984924
432<-500: 0.010050251256281407
500<-432: 0.005025125628140704
375<-432: 0.005025125628140704
144<-375: 0.005025125628140704
500<-144: 0.005025125628140704

nodeInfo=(Event,position embedding)
546: 546,49
265: 265,46
462: 462,47
432: 432,8
144: 144,6
500: 500,1
375: 375,7
315: 315,16
287: 287,15


Sequence Order: 462 546 265 462 265 315 315 315 315 315 315 315 315 315 315 315 315 315 315 315 315 315 315 315 315 315 315 315 315 315 315 315 315 315 315 287 500 500 500 500 432 500 432 375 144 500 500 500 500 500