Label=Normal
network[son<-parent]=
315<-315: 0.005025125628140704
462<-315: 0.005025125628140704
315<-462: 0.005025125628140704
546<-315: 0.005025125628140704
315<-546: 0.005025125628140704
265<-315: 0.005025125628140704
462<-265: 0.02512562814070352
265<-462: 0.05527638190954774
546<-265: 0.04020100502512563
462<-546: 0.04020100502512563
546<-546: 0.01507537688442211
462<-462: 0.005025125628140704
265<-265: 0.005025125628140704
546<-462: 0.010050251256281407
265<-546: 0.010050251256281407
287<-265: 0.005025125628140704
546<-287: 0.005025125628140704

nodeInfo=(Event,position embedding)
546: 546,1
265: 265,2
462: 462,3
315: 315,45
287: 287,11


Sequence Order: 315 315 462 315 546 315 265 462 265 546 462 265 546 462 265 546 462 265 546 546 546 462 462 265 265 462 265 546 462 546 265 546 462 265 462 265 546 462 265 287 546 546 462 265 462 546 265 462 265 546