Label=Normal
network[son<-parent]=
557<-557: 0.15577889447236182
212<-557: 0.01507537688442211
557<-212: 0.005025125628140704
96<-557: 0.005025125628140704
575<-96: 0.010050251256281407
96<-575: 0.005025125628140704
158<-575: 0.005025125628140704
557<-158: 0.010050251256281407
158<-212: 0.010050251256281407
144<-212: 0.005025125628140704
158<-144: 0.005025125628140704
144<-158: 0.010050251256281407
212<-144: 0.005025125628140704

nodeInfo=(Event,position embedding)
96: 96,15
557: 557,8
144: 144,1
212: 212,3
158: 158,2
575: 575,14


Sequence Order: 557 557 557 557 557 557 557 557 557 557 557 557 557 557 557 557 557 557 557 557 557 557 212 557 557 557 557 557 557 557 557 557 557 96 575 96 575 158 557 212 158 557 557 212 144 158 144 212 158 144