Label=Anomalous
network[son<-parent]=
222<-177: 0.005025125628140704
222<-222: 0.03015075376884422
19<-222: 0.005025125628140704
570<-19: 0.005025125628140704
570<-570: 0.010050251256281407
158<-570: 0.010050251256281407
158<-158: 0.05527638190954774
557<-158: 0.005025125628140704
557<-557: 0.05527638190954774
144<-557: 0.020100502512562814
557<-144: 0.01507537688442211
144<-144: 0.01507537688442211
570<-144: 0.005025125628140704
517<-158: 0.005025125628140704
517<-517: 0.005025125628140704

nodeInfo=(Event,position embedding)
517: 517,1
557: 557,14
144: 144,11
177: 177,50
19: 19,42
570: 570,9
222: 222,43
158: 158,3


Sequence Order: 177 222 222 222 222 222 222 222 19 570 570 158 158 158 158 158 158 158 557 557 557 557 557 557 557 144 557 557 557 144 557 557 557 557 144 144 557 144 144 144 570 570 158 158 158 158 158 158 517 517