Label=Anomalous
network[son<-parent]=
557<-158: 0.010050251256281407
212<-557: 0.010050251256281407
235<-212: 0.005025125628140704
235<-235: 0.1457286432160804
158<-235: 0.005025125628140704
557<-557: 0.01507537688442211
532<-212: 0.005025125628140704
235<-532: 0.005025125628140704
532<-235: 0.005025125628140704
44<-532: 0.005025125628140704
44<-44: 0.035175879396984924

nodeInfo=(Event,position embedding)
235: 235,10
44: 44,1
557: 557,27
532: 532,9
212: 212,26
158: 158,31


Sequence Order: 158 557 212 235 235 235 235 235 235 235 235 235 235 235 235 235 235 235 235 158 557 557 557 557 212 532 235 235 235 235 235 235 235 235 235 235 235 235 235 235 235 532 44 44 44 44 44 44 44 44