Label=Normal
network[son<-parent]=
570<-212: 0.005025125628140704
158<-570: 0.005025125628140704
557<-158: 0.020100502512562814
557<-557: 0.1306532663316583
158<-557: 0.005025125628140704
212<-557: 0.03015075376884422
557<-212: 0.01507537688442211
158<-212: 0.010050251256281407
158<-158: 0.020100502512562814
212<-212: 0.005025125628140704

nodeInfo=(Event,position embedding)
570: 570,49
212: 212,1
557: 557,2
158: 158,5


Sequence Order: 212 570 158 557 557 557 557 158 557 557 212 557 557 557 557 557 557 557 557 557 557 557 557 557 557 557 557 557 212 158 158 158 158 557 557 557 557 212 557 212 557 557 212 212 158 158 557 557 557 212