Label=Normal
network[son<-parent]=
158<-212: 0.010050251256281407
557<-158: 0.010050251256281407
212<-557: 0.01507537688442211
333<-158: 0.010050251256281407
557<-333: 0.010050251256281407
158<-557: 0.010050251256281407
517<-333: 0.005025125628140704
557<-517: 0.01507537688442211
557<-557: 0.1407035175879397
333<-557: 0.005025125628140704
517<-557: 0.010050251256281407
557<-212: 0.005025125628140704

nodeInfo=(Event,position embedding)
517: 517,30
333: 333,38
557: 557,2
212: 212,1
158: 158,13


Sequence Order: 212 158 557 212 158 333 557 158 333 517 557 557 333 557 557 557 517 557 557 557 517 557 557 557 557 557 557 557 557 557 557 557 212 557 557 557 557 158 557 557 557 557 557 557 557 557 557 557 557 212