Label=Normal
network[son<-parent]=
557<-158: 0.005025125628140704
158<-557: 0.005025125628140704
212<-158: 0.005025125628140704
557<-212: 0.005025125628140704
212<-557: 0.005025125628140704
535<-212: 0.005025125628140704
535<-535: 0.21608040201005024

nodeInfo=(Event,position embedding)
212: 212,45
557: 557,46
158: 158,48
535: 535,1


Sequence Order: 158 557 158 212 557 212 535 535 535 535 535 535 535 535 535 535 535 535 535 535 535 535 535 535 535 535 535 535 535 535 535 535 535 535 535 535 535 535 535 535 535 535 535 535 535 535 535 535 535 535