Label=Normal
network[son<-parent]=
212<-212: 0.020100502512562814
557<-212: 0.010050251256281407
557<-557: 0.02512562814070352
212<-557: 0.03015075376884422
158<-212: 0.02512562814070352
557<-158: 0.020100502512562814
212<-158: 0.005025125628140704
158<-158: 0.005025125628140704
535<-212: 0.005025125628140704
535<-535: 0.10050251256281408

nodeInfo=(Event,position embedding)
212: 212,22
557: 557,23
158: 158,24
535: 535,1


Sequence Order: 212 212 557 557 212 557 212 158 557 212 212 212 212 158 212 158 158 557 557 557 557 557 212 158 557 212 158 557 212 535 535 535 535 535 535 535 535 535 535 535 535 535 535 535 535 535 535 535 535 535