Label=Normal
network[son<-parent]=
570<-517: 0.005025125628140704
570<-570: 0.020100502512562814
158<-570: 0.005025125628140704
557<-158: 0.010050251256281407
557<-557: 0.035175879396984924
570<-557: 0.005025125628140704
517<-570: 0.005025125628140704
517<-517: 0.01507537688442211
158<-517: 0.005025125628140704
517<-557: 0.005025125628140704
557<-517: 0.020100502512562814
333<-557: 0.020100502512562814
333<-333: 0.020100502512562814
557<-333: 0.005025125628140704
212<-557: 0.020100502512562814
557<-212: 0.020100502512562814
517<-333: 0.01507537688442211
212<-212: 0.01507537688442211

nodeInfo=(Event,position embedding)
517: 517,2
557: 557,1
333: 333,3
212: 212,6
570: 570,41
158: 158,38


Sequence Order: 517 570 570 570 570 158 557 557 570 570 517 517 158 557 517 557 557 557 333 333 333 333 557 557 557 557 212 557 333 333 517 557 212 212 557 212 212 557 333 517 517 517 557 212 212 557 557 333 517 557