Label=Normal
network[son<-parent]=
372<-557: 0.005025125628140704
557<-372: 0.005025125628140704
557<-557: 0.08040201005025126
27<-557: 0.005025125628140704
557<-27: 0.005025125628140704
509<-557: 0.005025125628140704
557<-509: 0.005025125628140704
213<-557: 0.04020100502512563
557<-213: 0.04020100502512563
272<-557: 0.005025125628140704
557<-272: 0.005025125628140704
311<-557: 0.005025125628140704
557<-311: 0.005025125628140704
216<-557: 0.01507537688442211
557<-216: 0.010050251256281407
383<-557: 0.005025125628140704
557<-383: 0.005025125628140704

nodeInfo=(Event,position embedding)
557: 557,2
272: 272,31
372: 372,49
213: 213,4
311: 311,28
216: 216,1
27: 27,46
509: 509,43
383: 383,7


Sequence Order: 557 372 557 557 27 557 557 509 557 557 213 557 557 213 557 557 213 557 557 272 557 557 311 557 557 213 557 557 213 557 557 213 557 557 213 557 557 216 557 557 216 557 557 383 557 557 213 557 557 216