Label=Normal
network[son<-parent]=
517<-289: 0.005025125628140704
158<-517: 0.005025125628140704
158<-158: 0.005025125628140704
570<-158: 0.005025125628140704
570<-570: 0.005025125628140704
557<-570: 0.005025125628140704
557<-557: 0.07035175879396985
170<-557: 0.005025125628140704
557<-170: 0.005025125628140704
212<-557: 0.01507537688442211
213<-212: 0.005025125628140704
557<-213: 0.04522613065326633
557<-212: 0.010050251256281407
213<-557: 0.04020100502512563
357<-557: 0.010050251256281407
557<-357: 0.010050251256281407

nodeInfo=(Event,position embedding)
289: 289,50
517: 517,49
357: 357,2
170: 170,41
557: 557,1
212: 212,28
213: 213,5
570: 570,45
158: 158,47


Sequence Order: 289 517 158 158 570 570 557 557 557 170 557 557 557 557 212 213 557 212 557 557 213 557 212 557 213 557 557 213 557 557 213 557 557 213 557 557 213 557 557 357 557 557 213 557 557 213 557 557 357 557