Label=Normal
network[son<-parent]=
158<-333: 0.005025125628140704
557<-158: 0.010050251256281407
212<-557: 0.03015075376884422
557<-212: 0.03015075376884422
557<-557: 0.1658291457286432
158<-557: 0.005025125628140704

nodeInfo=(Event,position embedding)
557: 557,1
212: 212,12
333: 333,50
158: 158,33


Sequence Order: 333 158 557 212 557 557 557 557 557 557 557 212 557 212 557 557 557 158 557 557 557 557 212 557 557 557 557 557 557 557 557 557 557 557 212 557 557 557 212 557 557 557 557 557 557 557 557 557 557 557