Label=Anomalous
network[son<-parent]=
222<-177: 0.005025125628140704
222<-222: 0.03015075376884422
19<-222: 0.005025125628140704
270<-19: 0.005025125628140704
270<-270: 0.005025125628140704
158<-270: 0.005025125628140704
158<-158: 0.08040201005025126
333<-158: 0.010050251256281407
158<-333: 0.005025125628140704
570<-158: 0.005025125628140704
158<-570: 0.005025125628140704
517<-333: 0.005025125628140704
158<-517: 0.005025125628140704
144<-158: 0.005025125628140704
144<-144: 0.06030150753768844
333<-144: 0.005025125628140704
144<-333: 0.005025125628140704

nodeInfo=(Event,position embedding)
517: 517,21
333: 333,12
270: 270,40
144: 144,1
177: 177,50
19: 19,42
570: 570,29
222: 222,43
158: 158,16


Sequence Order: 177 222 222 222 222 222 222 222 19 270 270 158 158 158 333 158 158 158 158 158 158 570 158 158 158 158 158 158 333 517 158 158 158 158 158 144 144 144 333 144 144 144 144 144 144 144 144 144 144 144