Label=Normal
network[son<-parent]=
557<-557: 0.12562814070351758
158<-557: 0.005025125628140704
333<-158: 0.01507537688442211
158<-333: 0.01507537688442211
158<-158: 0.020100502512562814
557<-158: 0.005025125628140704
333<-557: 0.005025125628140704
557<-333: 0.005025125628140704
212<-557: 0.005025125628140704
212<-212: 0.02512562814070352
90<-212: 0.005025125628140704
90<-90: 0.005025125628140704
158<-90: 0.005025125628140704
333<-333: 0.005025125628140704

nodeInfo=(Event,position embedding)
333: 333,3
557: 557,14
212: 212,8
90: 90,6
158: 158,1


Sequence Order: 557 557 557 557 557 557 557 557 557 557 557 557 557 557 557 557 557 557 557 557 557 557 158 333 158 158 158 333 158 158 557 557 557 557 333 557 557 212 212 212 212 212 212 90 90 158 333 333 158 158