Label=Anomalous
network[son<-parent]=
222<-177: 0.005025125628140704
19<-222: 0.005025125628140704
19<-19: 0.005025125628140704
175<-19: 0.005025125628140704
167<-175: 0.005025125628140704
167<-167: 0.21105527638190955
222<-167: 0.005025125628140704
167<-222: 0.005025125628140704

nodeInfo=(Event,position embedding)
167: 167,1
175: 175,46
177: 177,50
19: 19,47
222: 222,14


Sequence Order: 177 222 19 19 175 167 167 167 167 167 167 167 167 167 167 167 167 167 167 167 167 167 167 167 167 167 167 167 167 167 167 167 167 167 167 167 222 167 167 167 167 167 167 167 167 167 167 167 167 167