Label=Anomalous
network[son<-parent]=
222<-177: 0.005025125628140704
222<-222: 0.135678391959799
175<-222: 0.005025125628140704
167<-175: 0.005025125628140704
222<-167: 0.010050251256281407
167<-222: 0.010050251256281407
167<-167: 0.07537688442211055

nodeInfo=(Event,position embedding)
177: 177,50
167: 167,1
222: 222,16
175: 175,23


Sequence Order: 177 222 222 222 222 222 222 222 222 222 222 222 222 222 222 222 222 222 222 222 222 222 222 222 222 222 222 175 167 222 222 167 167 222 222 167 167 167 167 167 167 167 167 167 167 167 167 167 167 167