Label=Anomalous
network[son<-parent]=
222<-177: 0.005025125628140704
222<-222: 0.1507537688442211
158<-222: 0.005025125628140704
158<-158: 0.010050251256281407
557<-158: 0.005025125628140704
557<-557: 0.010050251256281407
212<-557: 0.005025125628140704
212<-212: 0.010050251256281407
175<-212: 0.005025125628140704
167<-175: 0.005025125628140704
167<-167: 0.03015075376884422
222<-167: 0.005025125628140704

nodeInfo=(Event,position embedding)
167: 167,7
557: 557,18
175: 175,14
177: 177,50
212: 212,15
222: 222,1
158: 158,21


Sequence Order: 177 222 222 222 222 222 222 222 222 222 222 222 222 222 222 222 222 222 222 222 222 222 222 222 222 222 222 158 158 158 557 557 557 212 212 212 175 167 167 167 167 167 167 167 222 222 222 222 222 222