Label=Normal
network[son<-parent]=
158<-570: 0.005025125628140704
158<-158: 0.135678391959799
75<-158: 0.010050251256281407
75<-75: 0.010050251256281407
158<-75: 0.010050251256281407
557<-158: 0.010050251256281407
158<-557: 0.005025125628140704
333<-158: 0.005025125628140704
333<-333: 0.005025125628140704
158<-333: 0.010050251256281407
557<-557: 0.01507537688442211
212<-557: 0.005025125628140704
557<-212: 0.010050251256281407
333<-557: 0.005025125628140704
212<-158: 0.005025125628140704

nodeInfo=(Event,position embedding)
75: 75,34
333: 333,8
557: 557,1
212: 212,4
570: 570,50
158: 158,5


Sequence Order: 570 158 158 158 158 158 158 75 75 158 158 158 158 557 158 75 75 158 158 158 158 158 158 158 333 333 158 158 158 158 158 158 158 158 158 158 158 158 557 557 212 557 333 158 158 158 212 557 557 557