Label=Normal
network[son<-parent]=
158<-517: 0.01507537688442211
158<-158: 0.04522613065326633
517<-158: 0.010050251256281407
517<-517: 0.005025125628140704
557<-158: 0.010050251256281407
557<-557: 0.06532663316582915
517<-557: 0.010050251256281407
557<-517: 0.005025125628140704
212<-557: 0.02512562814070352
557<-212: 0.020100502512562814
212<-212: 0.010050251256281407
570<-212: 0.005025125628140704
158<-570: 0.005025125628140704
333<-158: 0.005025125628140704
75<-333: 0.005025125628140704
158<-75: 0.005025125628140704

nodeInfo=(Event,position embedding)
517: 517,1
75: 75,11
557: 557,2
333: 333,12
212: 212,15
570: 570,14
158: 158,3


Sequence Order: 517 158 158 158 158 517 517 158 158 557 557 557 557 557 517 557 557 212 557 557 212 557 212 557 557 557 557 557 212 557 557 557 557 212 212 212 570 158 333 75 158 158 158 158 158 158 517 158 557 517