Label=Normal
network[son<-parent]=
158<-212: 0.03015075376884422
557<-158: 0.04020100502512563
212<-557: 0.05025125628140704
557<-557: 0.04020100502512563
96<-212: 0.005025125628140704
575<-96: 0.005025125628140704
158<-575: 0.005025125628140704
517<-212: 0.005025125628140704
158<-517: 0.010050251256281407
158<-158: 0.010050251256281407
557<-212: 0.005025125628140704
333<-212: 0.005025125628140704
517<-333: 0.005025125628140704
517<-517: 0.005025125628140704
517<-158: 0.005025125628140704
557<-517: 0.005025125628140704
70<-212: 0.005025125628140704
70<-70: 0.010050251256281407

nodeInfo=(Event,position embedding)
96: 96,39
517: 517,7
70: 70,1
557: 557,5
333: 333,19
212: 212,4
158: 158,8
575: 575,38


Sequence Order: 212 158 557 212 158 557 212 158 557 557 212 96 575 158 557 212 517 158 158 557 557 212 158 158 557 557 212 557 557 557 212 333 517 517 158 557 557 557 212 158 557 212 158 517 557 557 212 70 70 70