Label=Normal
network[son<-parent]=
517<-333: 0.005025125628140704
517<-517: 0.01507537688442211
158<-517: 0.010050251256281407
557<-158: 0.02512562814070352
557<-557: 0.06532663316582915
212<-557: 0.03015075376884422
158<-212: 0.020100502512562814
158<-158: 0.010050251256281407
158<-557: 0.005025125628140704
212<-158: 0.010050251256281407
517<-212: 0.010050251256281407
557<-517: 0.005025125628140704
517<-557: 0.005025125628140704
212<-517: 0.005025125628140704
557<-212: 0.01507537688442211
333<-158: 0.005025125628140704
158<-333: 0.005025125628140704

nodeInfo=(Event,position embedding)
517: 517,12
557: 557,1
333: 333,10
212: 212,6
158: 158,9


Sequence Order: 333 517 517 517 158 557 557 212 158 557 212 158 158 557 158 212 517 557 557 517 212 557 212 158 158 557 557 557 212 158 212 557 557 557 557 557 212 517 517 158 333 158 557 557 212 557 557 557 557 557