Label=Normal
network[son<-parent]=
546<-546: 0.020100502512562814
462<-546: 0.020100502512562814
546<-462: 0.01507537688442211
462<-462: 0.020100502512562814
265<-462: 0.02512562814070352
462<-265: 0.020100502512562814
265<-265: 0.035175879396984924
315<-265: 0.005025125628140704
315<-315: 0.04522613065326633
360<-315: 0.005025125628140704
406<-360: 0.01507537688442211
360<-406: 0.010050251256281407
42<-406: 0.005025125628140704
546<-42: 0.005025125628140704

nodeInfo=(Event,position embedding)
546: 546,1
360: 360,5
265: 265,20
42: 42,3
462: 462,26
406: 406,4
315: 315,10


Sequence Order: 546 546 546 462 546 462 546 546 462 546 462 462 462 265 462 462 265 462 462 265 462 265 265 265 462 265 265 265 265 265 265 315 315 315 315 315 315 315 315 315 315 360 406 360 406 360 406 42 546 546