Label=Normal
network[son<-parent]=
212<-557: 0.05025125628140704
158<-212: 0.05025125628140704
557<-158: 0.04020100502512563
333<-158: 0.010050251256281407
557<-333: 0.010050251256281407
333<-557: 0.005025125628140704
212<-333: 0.005025125628140704
333<-212: 0.005025125628140704
333<-333: 0.01507537688442211
158<-333: 0.005025125628140704
570<-158: 0.005025125628140704
557<-570: 0.005025125628140704
158<-158: 0.01507537688442211
557<-557: 0.01507537688442211
212<-212: 0.010050251256281407

nodeInfo=(Event,position embedding)
333: 333,13
557: 557,1
212: 212,5
570: 570,29
158: 158,3


Sequence Order: 557 212 158 557 212 158 557 212 158 333 557 333 212 333 333 333 333 158 557 212 158 570 557 212 158 158 557 557 212 212 158 557 212 158 557 212 158 333 557 212 158 158 557 557 212 212 158 158 557 557