Label=Normal
network[son<-parent]=
212<-557: 0.06532663316582915
158<-212: 0.05527638190954774
158<-158: 0.010050251256281407
557<-158: 0.05527638190954774
557<-557: 0.010050251256281407
212<-212: 0.010050251256281407
570<-158: 0.005025125628140704
557<-570: 0.005025125628140704
569<-212: 0.005025125628140704
158<-569: 0.005025125628140704
570<-212: 0.005025125628140704
158<-570: 0.005025125628140704
75<-158: 0.005025125628140704
557<-75: 0.005025125628140704

nodeInfo=(Event,position embedding)
75: 75,5
557: 557,1
212: 212,3
569: 569,17
570: 570,7
158: 158,2


Sequence Order: 557 212 158 158 557 557 212 212 158 158 557 557 212 212 158 557 212 158 557 212 158 570 557 212 158 557 212 158 557 212 158 557 212 569 158 557 212 158 557 212 158 557 212 570 158 75 557 212 158 557