Label=Normal
network[son<-parent]=
557<-158: 0.020100502512562814
212<-557: 0.02512562814070352
158<-212: 0.03015075376884422
570<-158: 0.010050251256281407
557<-570: 0.005025125628140704
158<-158: 0.035175879396984924
557<-557: 0.03015075376884422
212<-212: 0.03015075376884422
333<-212: 0.005025125628140704
158<-333: 0.010050251256281407
333<-158: 0.010050251256281407
557<-333: 0.005025125628140704
333<-557: 0.005025125628140704
212<-333: 0.005025125628140704
517<-570: 0.005025125628140704
557<-517: 0.005025125628140704
517<-557: 0.005025125628140704
212<-517: 0.005025125628140704

nodeInfo=(Event,position embedding)
517: 517,7
333: 333,3
557: 557,8
212: 212,5
570: 570,11
158: 158,1


Sequence Order: 158 557 212 158 570 557 212 158 557 212 158 557 212 158 158 557 557 212 212 333 158 158 158 158 158 333 557 557 557 557 557 333 212 212 212 212 212 158 158 570 517 557 557 517 212 212 158 333 158 158