Label=Normal
network[son<-parent]=
557<-557: 0.09547738693467336
212<-557: 0.035175879396984924
158<-212: 0.020100502512562814
557<-158: 0.03015075376884422
90<-212: 0.005025125628140704
158<-90: 0.005025125628140704
158<-158: 0.01507537688442211
557<-212: 0.005025125628140704
212<-212: 0.005025125628140704
517<-158: 0.005025125628140704
557<-517: 0.005025125628140704
517<-212: 0.005025125628140704
517<-517: 0.005025125628140704
158<-517: 0.005025125628140704
158<-557: 0.005025125628140704

nodeInfo=(Event,position embedding)
517: 517,11
557: 557,1
212: 212,13
90: 90,34
158: 158,7


Sequence Order: 557 557 557 557 557 557 557 557 557 212 158 557 212 158 557 212 90 158 158 158 557 557 557 212 557 557 557 557 212 212 158 517 557 557 212 158 557 212 517 517 158 158 557 158 557 557 557 557 557 557