Label=Normal
network[son<-parent]=
557<-557: 0.1708542713567839
212<-557: 0.02512562814070352
557<-212: 0.020100502512562814
158<-557: 0.005025125628140704
158<-158: 0.005025125628140704
557<-158: 0.005025125628140704
212<-212: 0.01507537688442211

nodeInfo=(Event,position embedding)
212: 212,1
557: 557,3
158: 158,30


Sequence Order: 557 557 212 557 212 557 557 557 557 557 557 557 557 557 557 557 557 557 557 158 158 557 557 557 557 557 557 557 557 557 557 557 212 212 212 557 557 557 557 557 557 557 557 212 557 557 557 557 212 212