Label=Normal
network[son<-parent]=
557<-158: 0.03015075376884422
158<-557: 0.020100502512562814
158<-158: 0.03015075376884422
557<-557: 0.07035175879396985
333<-557: 0.005025125628140704
333<-333: 0.005025125628140704
158<-333: 0.005025125628140704
212<-557: 0.03015075376884422
557<-212: 0.02512562814070352
212<-212: 0.005025125628140704
333<-212: 0.005025125628140704
557<-333: 0.005025125628140704
517<-557: 0.005025125628140704
557<-517: 0.005025125628140704

nodeInfo=(Event,position embedding)
517: 517,7
333: 333,15
557: 557,1
212: 212,2
158: 158,30


Sequence Order: 158 557 158 158 158 557 158 158 557 557 333 333 158 158 557 557 158 557 158 158 158 557 557 557 557 212 557 557 557 557 212 212 557 557 212 333 557 557 557 557 212 557 557 517 557 557 212 557 212 557