Label=Normal
network[son<-parent]=
557<-212: 0.03015075376884422
333<-557: 0.020100502512562814
333<-333: 0.02512562814070352
212<-333: 0.005025125628140704
557<-557: 0.08040201005025126
517<-557: 0.005025125628140704
517<-517: 0.01507537688442211
557<-517: 0.010050251256281407
557<-333: 0.005025125628140704
517<-333: 0.005025125628140704
212<-557: 0.020100502512562814
158<-557: 0.005025125628140704
557<-158: 0.010050251256281407
158<-333: 0.005025125628140704
212<-212: 0.005025125628140704

nodeInfo=(Event,position embedding)
517: 517,30
333: 333,8
557: 557,1
212: 212,2
158: 158,7


Sequence Order: 212 557 333 333 212 557 557 557 557 557 557 517 517 517 517 557 333 333 557 333 517 557 212 557 557 557 557 557 557 557 212 557 557 158 557 557 557 212 557 333 333 333 333 158 557 557 557 212 212 557