Label=Normal
network[son<-parent]=
333<-557: 0.010050251256281407
333<-333: 0.005025125628140704
517<-333: 0.010050251256281407
517<-517: 0.035175879396984924
158<-517: 0.010050251256281407
212<-158: 0.005025125628140704
212<-212: 0.01507537688442211
557<-212: 0.035175879396984924
557<-557: 0.05025125628140704
212<-517: 0.010050251256281407
212<-557: 0.020100502512562814
517<-557: 0.02512562814070352
557<-517: 0.010050251256281407
557<-158: 0.005025125628140704

nodeInfo=(Event,position embedding)
517: 517,1
333: 333,40
557: 557,3
212: 212,13
158: 158,5


Sequence Order: 557 333 333 517 517 158 212 212 557 557 333 517 212 557 557 557 557 557 212 212 557 517 517 557 517 517 557 557 212 557 517 212 557 557 212 212 557 212 557 557 557 517 517 517 517 158 557 557 517 517