Label=Normal
network[son<-parent]=
158<-158: 0.04522613065326633
557<-158: 0.02512562814070352
517<-557: 0.005025125628140704
517<-517: 0.010050251256281407
158<-517: 0.010050251256281407
570<-158: 0.010050251256281407
570<-570: 0.010050251256281407
158<-570: 0.010050251256281407
517<-158: 0.005025125628140704
158<-557: 0.01507537688442211
333<-158: 0.010050251256281407
333<-333: 0.02512562814070352
158<-333: 0.010050251256281407
557<-557: 0.04522613065326633
333<-557: 0.005025125628140704
557<-333: 0.005025125628140704

nodeInfo=(Event,position embedding)
517: 517,39
333: 333,2
557: 557,1
570: 570,26
158: 158,13


Sequence Order: 158 158 557 517 517 158 158 570 570 158 517 517 158 158 158 557 158 333 333 333 333 158 158 570 570 158 158 557 557 158 333 333 158 158 557 158 158 158 557 557 557 557 557 557 557 557 557 333 333 557