Label=Normal
network[son<-parent]=
557<-557: 0.06532663316582915
158<-557: 0.020100502512562814
158<-158: 0.020100502512562814
557<-158: 0.01507537688442211
333<-158: 0.01507537688442211
158<-333: 0.01507537688442211
333<-333: 0.02512562814070352
570<-158: 0.005025125628140704
570<-570: 0.005025125628140704
557<-570: 0.005025125628140704
517<-557: 0.01507537688442211
557<-517: 0.01507537688442211
333<-557: 0.005025125628140704
557<-333: 0.005025125628140704
212<-557: 0.005025125628140704
557<-212: 0.005025125628140704
517<-517: 0.005025125628140704

nodeInfo=(Event,position embedding)
517: 517,4
333: 333,15
557: 557,1
212: 212,9
570: 570,31
158: 158,26


Sequence Order: 557 557 158 158 158 557 158 158 557 158 333 158 333 333 333 333 158 158 570 570 557 158 333 333 158 557 557 557 557 557 557 517 557 557 333 333 557 557 557 517 557 212 557 557 557 517 517 557 557 557