Label=Normal
network[son<-parent]=
315<-315: 0.010050251256281407
96<-315: 0.005025125628140704
575<-96: 0.01507537688442211
96<-575: 0.010050251256281407
270<-575: 0.005025125628140704
270<-270: 0.04020100502512563
358<-270: 0.005025125628140704
575<-358: 0.005025125628140704
569<-575: 0.005025125628140704
569<-569: 0.07537688442211055
270<-569: 0.02512562814070352
569<-270: 0.02512562814070352
87<-569: 0.010050251256281407
270<-87: 0.005025125628140704
569<-87: 0.005025125628140704

nodeInfo=(Event,position embedding)
96: 96,43
358: 358,38
270: 270,1
87: 87,5
569: 569,2
315: 315,48
575: 575,37


Sequence Order: 315 315 315 96 575 96 575 96 575 270 270 270 358 575 569 569 569 569 270 270 270 270 569 270 569 569 569 569 569 569 270 569 87 270 569 270 270 270 270 569 569 569 569 569 569 87 569 569 569 270