Label=Anomalous
network[son<-parent]=
557<-557: 0.12060301507537688
212<-557: 0.005025125628140704
144<-212: 0.005025125628140704
144<-144: 0.020100502512562814
116<-144: 0.005025125628140704
549<-116: 0.005025125628140704
344<-549: 0.005025125628140704
5<-344: 0.005025125628140704
246<-5: 0.005025125628140704
30<-246: 0.005025125628140704
353<-30: 0.005025125628140704
279<-353: 0.005025125628140704
213<-279: 0.005025125628140704
213<-213: 0.04522613065326633
305<-213: 0.005025125628140704

nodeInfo=(Event,position embedding)
353: 353,13
549: 549,18
5: 5,16
557: 557,26
144: 144,20
305: 305,1
116: 116,19
212: 212,25
246: 246,15
279: 279,12
344: 344,17
213: 213,2
30: 30,14


Sequence Order: 557 557 557 557 557 557 557 557 557 557 557 557 557 557 557 557 557 557 557 557 557 557 557 557 557 212 144 144 144 144 144 116 549 344 5 246 30 353 279 213 213 213 213 213 213 213 213 213 213 305