Label=Normal
network[son<-parent]=
212<-517: 0.010050251256281407
557<-212: 0.020100502512562814
212<-557: 0.010050251256281407
557<-557: 0.18592964824120603
517<-557: 0.010050251256281407
517<-517: 0.005025125628140704
557<-517: 0.005025125628140704

nodeInfo=(Event,position embedding)
557: 557,1
212: 212,26
517: 517,35


Sequence Order: 517 212 557 212 557 557 557 557 517 517 557 557 557 557 557 517 212 557 557 557 557 557 557 557 212 557 557 557 557 557 557 557 557 557 557 557 557 557 557 557 557 557 557 557 557 557 557 557 557 557