Label=Anomalous
network[son<-parent]=
557<-557: 0.1658291457286432
216<-557: 0.005025125628140704
557<-216: 0.005025125628140704
212<-557: 0.005025125628140704
557<-212: 0.005025125628140704
335<-557: 0.010050251256281407
557<-335: 0.010050251256281407
349<-557: 0.005025125628140704
557<-349: 0.005025125628140704
213<-557: 0.005025125628140704
557<-213: 0.005025125628140704
485<-557: 0.005025125628140704
557<-485: 0.005025125628140704
541<-557: 0.005025125628140704
557<-541: 0.005025125628140704

nodeInfo=(Event,position embedding)
541: 541,3
485: 485,10
557: 557,1
335: 335,31
212: 212,43
213: 213,17
216: 216,46
349: 349,24


Sequence Order: 557 557 557 557 216 557 557 212 557 557 557 557 335 557 557 557 557 557 557 335 557 557 557 557 557 557 349 557 557 557 557 557 557 213 557 557 557 557 557 557 485 557 557 557 557 557 557 541 557 557