Label=Normal
network[son<-parent]=
557<-557: 0.12562814070351758
212<-557: 0.03015075376884422
557<-212: 0.02512562814070352
216<-557: 0.010050251256281407
557<-216: 0.010050251256281407
517<-557: 0.005025125628140704
517<-517: 0.005025125628140704
557<-517: 0.005025125628140704
371<-557: 0.005025125628140704
557<-371: 0.005025125628140704
349<-212: 0.005025125628140704
557<-349: 0.005025125628140704
105<-557: 0.005025125628140704
557<-105: 0.005025125628140704

nodeInfo=(Event,position embedding)
517: 517,38
105: 105,6
557: 557,1
371: 371,21
212: 212,9
216: 216,31
349: 349,13


Sequence Order: 557 557 557 557 212 557 216 557 212 557 557 517 517 557 557 557 212 557 557 216 557 557 557 212 557 557 557 557 557 371 557 557 557 557 557 557 212 349 557 557 557 212 557 557 105 557 557 557 557 557