Label=Normal
network[son<-parent]=
557<-333: 0.02512562814070352
333<-557: 0.020100502512562814
333<-333: 0.020100502512562814
212<-557: 0.02512562814070352
557<-212: 0.02512562814070352
557<-557: 0.08040201005025126
158<-557: 0.005025125628140704
557<-158: 0.005025125628140704
212<-212: 0.010050251256281407
517<-557: 0.005025125628140704
517<-517: 0.010050251256281407
212<-517: 0.005025125628140704
517<-212: 0.005025125628140704
557<-517: 0.005025125628140704

nodeInfo=(Event,position embedding)
517: 517,5
557: 557,1
333: 333,18
212: 212,7
158: 158,37


Sequence Order: 333 557 333 333 557 212 557 212 557 557 557 557 557 158 557 557 333 333 557 333 333 557 557 212 212 557 557 557 557 557 557 333 333 557 517 517 212 212 557 212 557 557 557 212 517 517 557 557 557 557