Label=Normal
network[son<-parent]=
158<-517: 0.005025125628140704
557<-158: 0.005025125628140704
557<-557: 0.1306532663316583
517<-557: 0.005025125628140704
557<-517: 0.005025125628140704
212<-557: 0.04020100502512563
212<-212: 0.020100502512562814
557<-212: 0.035175879396984924

nodeInfo=(Event,position embedding)
557: 557,2
212: 212,1
517: 517,43
158: 158,49


Sequence Order: 517 158 557 557 557 557 557 517 557 557 557 557 557 557 557 212 212 557 557 212 212 557 212 212 557 557 557 212 557 557 557 557 557 557 557 557 557 557 212 557 557 212 557 557 557 212 212 557 557 212