Label=Normal
network[son<-parent]=
358<-276: 0.005025125628140704
575<-358: 0.10552763819095477
575<-575: 0.01507537688442211
358<-575: 0.10050251256281408
358<-358: 0.010050251256281407
569<-575: 0.005025125628140704
358<-569: 0.005025125628140704

nodeInfo=(Event,position embedding)
569: 569,26
276: 276,50
358: 358,1
575: 575,2


Sequence Order: 276 358 575 575 358 575 358 358 575 575 358 575 358 575 358 575 358 575 358 575 358 575 358 575 569 358 575 358 575 358 575 358 575 358 575 358 575 358 575 358 358 575 575 358 575 358 575 358 575 358