Label=Normal
network[son<-parent]=
557<-212: 0.04020100502512563
557<-557: 0.12562814070351758
212<-557: 0.04020100502512563
212<-212: 0.01507537688442211
158<-212: 0.005025125628140704
557<-158: 0.005025125628140704
333<-557: 0.010050251256281407
557<-333: 0.005025125628140704

nodeInfo=(Event,position embedding)
333: 333,1
212: 212,3
557: 557,2
158: 158,31


Sequence Order: 212 557 557 557 212 557 557 557 557 212 212 557 557 557 212 212 557 212 212 158 557 557 557 557 212 557 212 557 557 557 557 557 557 557 557 557 557 557 333 557 212 557 557 557 557 557 557 212 557 333