Label=Normal
network[son<-parent]=
557<-557: 0.06532663316582915
212<-557: 0.035175879396984924
557<-212: 0.05527638190954774
212<-212: 0.02512562814070352
324<-557: 0.005025125628140704
212<-324: 0.005025125628140704
333<-557: 0.005025125628140704
333<-333: 0.005025125628140704
212<-333: 0.005025125628140704
517<-557: 0.005025125628140704
517<-517: 0.010050251256281407
212<-517: 0.010050251256281407
203<-557: 0.005025125628140704
212<-203: 0.005025125628140704
517<-212: 0.005025125628140704

nodeInfo=(Event,position embedding)
324: 324,41
517: 517,4
203: 203,15
333: 333,28
557: 557,1
212: 212,3


Sequence Order: 557 557 212 557 557 557 212 212 557 324 212 212 557 557 557 212 557 557 557 557 557 333 333 212 557 517 517 212 212 557 557 212 212 557 557 203 212 557 557 212 557 212 212 557 212 517 517 212 557 557