Label=Anomalous
network[son<-parent]=
145<-279: 0.005025125628140704
259<-145: 0.005025125628140704
300<-259: 0.005025125628140704
213<-300: 0.005025125628140704
103<-213: 0.005025125628140704
103<-103: 0.22110552763819097

nodeInfo=(Event,position embedding)
259: 259,48
103: 103,1
300: 300,47
145: 145,49
213: 213,46
279: 279,50


Sequence Order: 279 145 259 300 213 103 103 103 103 103 103 103 103 103 103 103 103 103 103 103 103 103 103 103 103 103 103 103 103 103 103 103 103 103 103 103 103 103 103 103 103 103 103 103 103 103 103 103 103 103