Label=Normal
network[son<-parent]=
158<-158: 0.04020100502512563
517<-158: 0.005025125628140704
158<-517: 0.005025125628140704
557<-158: 0.020100502512562814
174<-557: 0.010050251256281407
174<-174: 0.005025125628140704
333<-174: 0.010050251256281407
158<-333: 0.010050251256281407
333<-158: 0.005025125628140704
557<-333: 0.01507537688442211
158<-557: 0.010050251256281407
557<-557: 0.05025125628140704
212<-557: 0.03015075376884422
333<-212: 0.01507537688442211
557<-212: 0.01507537688442211

nodeInfo=(Event,position embedding)
517: 517,47
333: 333,1
557: 557,3
174: 174,36
212: 212,2
158: 158,26


Sequence Order: 158 158 158 517 158 557 174 174 333 158 158 158 158 557 174 333 158 158 158 333 557 158 557 158 158 557 557 557 557 212 333 557 557 557 557 212 333 557 557 557 212 557 212 557 557 557 212 557 212 333