Label=Normal
network[son<-parent]=
96<-575: 0.005025125628140704
575<-96: 0.010050251256281407
270<-575: 0.010050251256281407
96<-270: 0.005025125628140704
358<-575: 0.010050251256281407
575<-358: 0.010050251256281407
158<-270: 0.005025125628140704
158<-158: 0.19095477386934673

nodeInfo=(Event,position embedding)
96: 96,46
358: 358,42
270: 270,40
158: 158,1
575: 575,41


Sequence Order: 575 96 575 270 96 575 358 575 358 575 270 158 158 158 158 158 158 158 158 158 158 158 158 158 158 158 158 158 158 158 158 158 158 158 158 158 158 158 158 158 158 158 158 158 158 158 158 158 158 158