Label=Normal
network[son<-parent]=
557<-158: 0.010050251256281407
557<-557: 0.135678391959799
158<-557: 0.005025125628140704
212<-557: 0.03015075376884422
557<-212: 0.020100502512562814
212<-212: 0.01507537688442211
333<-212: 0.010050251256281407
557<-333: 0.01507537688442211
333<-557: 0.005025125628140704

nodeInfo=(Event,position embedding)
333: 333,5
212: 212,6
557: 557,1
158: 158,47


Sequence Order: 158 557 557 158 557 557 557 557 557 557 212 557 212 557 557 212 212 212 333 557 557 333 557 557 557 557 557 212 557 557 557 557 212 212 557 557 557 557 557 557 557 557 557 557 212 333 557 557 557 557