Label=Normal
network[son<-parent]=
158<-557: 0.04522613065326633
557<-158: 0.04020100502512563
333<-158: 0.005025125628140704
517<-333: 0.005025125628140704
158<-517: 0.005025125628140704
158<-158: 0.07537688442211055
557<-557: 0.01507537688442211
174<-158: 0.005025125628140704
333<-174: 0.005025125628140704
333<-333: 0.005025125628140704
557<-333: 0.005025125628140704
174<-557: 0.005025125628140704
174<-174: 0.005025125628140704
158<-174: 0.005025125628140704
212<-158: 0.010050251256281407
212<-212: 0.005025125628140704
158<-212: 0.005025125628140704

nodeInfo=(Event,position embedding)
517: 517,45
333: 333,33
174: 174,29
557: 557,4
212: 212,1
158: 158,2


Sequence Order: 557 158 557 158 333 517 158 158 158 158 158 557 557 158 158 174 333 333 557 557 174 174 158 158 158 158 557 158 557 158 158 557 158 158 557 557 158 158 158 557 158 158 212 212 158 158 557 158 158 212