Label=Normal
network[son<-parent]=
212<-557: 0.020100502512562814
557<-212: 0.020100502512562814
557<-557: 0.18090452261306533
517<-557: 0.010050251256281407
158<-517: 0.005025125628140704
557<-158: 0.005025125628140704
557<-517: 0.005025125628140704

nodeInfo=(Event,position embedding)
517: 517,24
212: 212,13
557: 557,1
158: 158,35


Sequence Order: 557 212 557 557 557 557 557 557 557 557 557 557 557 557 517 158 557 212 557 557 557 557 557 557 557 557 517 557 557 557 557 557 557 212 557 557 557 212 557 557 557 557 557 557 557 557 557 557 557 557