Label=Normal
network[son<-parent]=
575<-96: 0.005025125628140704
569<-575: 0.01507537688442211
358<-569: 0.010050251256281407
358<-358: 0.010050251256281407
575<-358: 0.10050251256281408
575<-575: 0.010050251256281407
358<-575: 0.08542713567839195
87<-575: 0.005025125628140704
358<-87: 0.005025125628140704

nodeInfo=(Event,position embedding)
96: 96,50
358: 358,4
87: 87,39
569: 569,1
575: 575,2


Sequence Order: 96 575 569 358 358 575 575 358 575 358 575 87 358 575 358 575 358 575 358 575 569 358 575 358 575 358 575 358 575 358 575 358 575 358 575 358 575 358 575 358 575 358 575 358 575 358 358 575 575 569