Label=Normal
network[son<-parent]=
96<-575: 0.005025125628140704
575<-96: 0.010050251256281407
569<-575: 0.005025125628140704
96<-569: 0.005025125628140704
358<-575: 0.09547738693467336
575<-358: 0.09547738693467336
358<-358: 0.01507537688442211
575<-575: 0.01507537688442211

nodeInfo=(Event,position embedding)
96: 96,46
569: 569,47
358: 358,2
575: 575,1


Sequence Order: 575 96 575 569 96 575 358 575 358 575 358 575 358 575 358 575 358 575 358 575 358 358 575 575 358 575 358 358 575 575 358 358 575 575 358 575 358 575 358 575 358 575 358 575 358 575 358 575 358 575