Label=Normal
network[son<-parent]=
557<-557: 0.1306532663316583
212<-557: 0.01507537688442211
557<-212: 0.005025125628140704
517<-212: 0.005025125628140704
517<-517: 0.020100502512562814
158<-517: 0.01507537688442211
517<-158: 0.010050251256281407
557<-158: 0.005025125628140704
10<-212: 0.005025125628140704
158<-10: 0.005025125628140704
570<-158: 0.005025125628140704
570<-570: 0.005025125628140704
557<-570: 0.005025125628140704
333<-557: 0.005025125628140704
517<-333: 0.005025125628140704
158<-158: 0.005025125628140704

nodeInfo=(Event,position embedding)
517: 517,1
10: 10,11
557: 557,7
333: 333,6
212: 212,12
570: 570,8
158: 158,3


Sequence Order: 557 557 557 212 557 557 557 557 557 557 557 557 557 557 557 557 557 557 557 557 557 557 557 557 557 212 517 517 517 517 158 517 158 557 557 557 557 557 212 10 158 570 570 557 333 517 158 158 517 517