Label=Normal
network[son<-parent]=
557<-557: 0.04522613065326633
212<-557: 0.020100502512562814
212<-212: 0.035175879396984924
557<-212: 0.010050251256281407
158<-212: 0.010050251256281407
158<-158: 0.04522613065326633
517<-158: 0.005025125628140704
517<-517: 0.01507537688442211
158<-517: 0.010050251256281407
557<-158: 0.01507537688442211
517<-557: 0.005025125628140704
557<-517: 0.005025125628140704
158<-557: 0.005025125628140704
212<-158: 0.005025125628140704
570<-212: 0.005025125628140704
570<-570: 0.005025125628140704
517<-570: 0.005025125628140704

nodeInfo=(Event,position embedding)
517: 517,9
557: 557,1
212: 212,14
570: 570,12
158: 158,4


Sequence Order: 557 557 557 212 212 212 557 212 158 158 517 517 158 557 557 517 557 212 212 212 158 158 158 158 158 557 557 557 557 158 212 212 212 212 557 557 212 570 570 517 517 517 158 158 158 158 158 557 557 557