Label=Normal
network[son<-parent]=
158<-557: 0.010050251256281407
557<-158: 0.01507537688442211
212<-557: 0.03015075376884422
212<-212: 0.03015075376884422
557<-212: 0.01507537688442211
557<-557: 0.07537688442211055
158<-212: 0.010050251256281407
158<-158: 0.03015075376884422
517<-212: 0.005025125628140704
517<-517: 0.005025125628140704
158<-517: 0.005025125628140704
517<-158: 0.005025125628140704
557<-517: 0.005025125628140704
212<-158: 0.005025125628140704

nodeInfo=(Event,position embedding)
517: 517,17
212: 212,1
557: 557,6
158: 158,5


Sequence Order: 557 158 557 212 212 212 557 212 557 557 212 158 158 158 557 557 557 557 212 212 557 557 557 557 557 557 557 557 557 212 517 517 158 517 557 212 158 158 158 158 158 557 557 557 557 158 212 212 212 212