Label=Normal
network[son<-parent]=
333<-557: 0.01507537688442211
333<-333: 0.010050251256281407
517<-333: 0.010050251256281407
517<-517: 0.01507537688442211
158<-517: 0.005025125628140704
570<-158: 0.010050251256281407
570<-570: 0.010050251256281407
158<-570: 0.010050251256281407
557<-158: 0.010050251256281407
557<-557: 0.10050251256281408
158<-557: 0.005025125628140704
158<-158: 0.01507537688442211
557<-333: 0.005025125628140704
517<-557: 0.005025125628140704
557<-517: 0.010050251256281407
212<-557: 0.005025125628140704
557<-212: 0.005025125628140704

nodeInfo=(Event,position embedding)
517: 517,11
333: 333,12
557: 557,1
212: 212,3
570: 570,34
158: 158,31


Sequence Order: 557 333 333 517 517 517 517 158 570 570 158 557 557 158 158 570 570 158 158 158 557 557 557 557 557 557 557 333 333 557 557 557 557 517 557 557 557 557 333 517 557 557 557 557 557 557 557 212 557 557