Label=Normal
network[son<-parent]=
557<-158: 0.01507537688442211
557<-557: 0.08040201005025126
517<-557: 0.010050251256281407
557<-517: 0.010050251256281407
212<-557: 0.02512562814070352
212<-212: 0.03015075376884422
158<-212: 0.010050251256281407
158<-158: 0.035175879396984924
517<-158: 0.005025125628140704
333<-517: 0.005025125628140704
158<-333: 0.005025125628140704
557<-212: 0.01507537688442211

nodeInfo=(Event,position embedding)
517: 517,20
333: 333,30
557: 557,1
212: 212,2
158: 158,23


Sequence Order: 158 557 557 557 557 557 517 557 212 212 212 212 212 212 158 557 212 158 158 517 333 158 158 158 158 158 158 158 557 557 517 557 557 557 557 557 557 557 557 212 557 212 557 557 557 557 557 212 212 557