Label=Normal
network[son<-parent]=
333<-557: 0.005025125628140704
333<-333: 0.005025125628140704
212<-333: 0.005025125628140704
212<-212: 0.01507537688442211
517<-212: 0.005025125628140704
517<-517: 0.020100502512562814
158<-517: 0.005025125628140704
158<-158: 0.03015075376884422
557<-158: 0.005025125628140704
557<-557: 0.10552763819095477
212<-557: 0.02512562814070352
557<-212: 0.020100502512562814

nodeInfo=(Event,position embedding)
517: 517,40
333: 333,48
557: 557,2
212: 212,1
158: 158,33


Sequence Order: 557 333 333 212 212 212 517 517 517 517 517 158 158 158 158 158 158 158 557 557 557 557 557 557 557 557 557 557 557 212 557 557 557 557 557 212 557 557 557 557 557 557 212 212 557 557 212 557 557 212