Label=Normal
network[son<-parent]=
352<-352: 0.11557788944723618
569<-352: 0.005025125628140704
270<-569: 0.005025125628140704
270<-270: 0.005025125628140704
158<-270: 0.005025125628140704
158<-158: 0.02512562814070352
570<-158: 0.005025125628140704
158<-570: 0.005025125628140704
144<-158: 0.005025125628140704
144<-144: 0.04020100502512563
535<-144: 0.01507537688442211
144<-535: 0.01507537688442211

nodeInfo=(Event,position embedding)
352: 352,27
270: 270,24
144: 144,1
535: 535,3
569: 569,26
570: 570,17
158: 158,16


Sequence Order: 352 352 352 352 352 352 352 352 352 352 352 352 352 352 352 352 352 352 352 352 352 352 352 352 569 270 270 158 158 158 158 158 158 570 158 144 144 144 144 144 144 144 535 144 535 144 144 535 144 144