Label=Normal
network[son<-parent]=
557<-158: 0.020100502512562814
212<-557: 0.020100502512562814
570<-212: 0.005025125628140704
570<-570: 0.005025125628140704
158<-570: 0.005025125628140704
158<-212: 0.010050251256281407
535<-212: 0.005025125628140704
535<-535: 0.17587939698492464

nodeInfo=(Event,position embedding)
557: 557,38
212: 212,37
535: 535,1
570: 570,46
158: 158,39


Sequence Order: 158 557 212 570 570 158 557 212 158 557 212 158 557 212 535 535 535 535 535 535 535 535 535 535 535 535 535 535 535 535 535 535 535 535 535 535 535 535 535 535 535 535 535 535 535 535 535 535 535 535