Label=Normal
network[son<-parent]=
158<-557: 0.03015075376884422
158<-158: 0.07035175879396985
557<-158: 0.03015075376884422
212<-158: 0.005025125628140704
158<-212: 0.005025125628140704
557<-557: 0.10552763819095477

nodeInfo=(Event,position embedding)
212: 212,44
557: 557,1
158: 158,11


Sequence Order: 557 158 158 158 557 158 212 158 158 158 158 158 158 158 158 557 158 158 158 158 557 158 158 158 557 557 557 557 557 557 557 158 557 557 557 557 557 557 557 158 557 557 557 557 557 557 557 557 557 557