Label=Normal
network[son<-parent]=
517<-517: 0.005025125628140704
212<-517: 0.010050251256281407
557<-212: 0.020100502512562814
557<-557: 0.1457286432160804
212<-557: 0.01507537688442211
212<-212: 0.005025125628140704
158<-557: 0.005025125628140704
557<-158: 0.005025125628140704
333<-557: 0.005025125628140704
333<-333: 0.010050251256281407
212<-333: 0.005025125628140704
333<-212: 0.005025125628140704
557<-333: 0.005025125628140704
517<-557: 0.005025125628140704

nodeInfo=(Event,position embedding)
517: 517,2
333: 333,10
557: 557,3
212: 212,1
158: 158,22


Sequence Order: 517 517 212 557 557 212 212 557 557 557 557 557 557 557 557 557 557 557 557 557 557 212 557 557 557 557 557 557 158 557 557 557 557 557 333 333 212 557 212 333 333 557 557 557 557 557 557 557 517 212