Label=Normal
network[son<-parent]=
276<-557: 0.005025125628140704
358<-276: 0.005025125628140704
575<-358: 0.06532663316582915
575<-575: 0.05527638190954774
358<-575: 0.06532663316582915
358<-358: 0.05025125628140704

nodeInfo=(Event,position embedding)
276: 276,49
557: 557,50
358: 358,1
575: 575,2


Sequence Order: 557 276 358 575 575 358 575 358 575 358 358 575 575 358 575 358 358 358 575 575 575 358 358 575 575 358 575 358 575 358 358 358 575 575 575 358 358 575 575 358 575 358 358 358 358 575 575 575 575 358