Label=Normal
network[son<-parent]=
96<-575: 0.02512562814070352
575<-96: 0.02512562814070352
358<-575: 0.07035175879396985
575<-358: 0.08542713567839195
569<-575: 0.010050251256281407
358<-569: 0.010050251256281407
270<-575: 0.010050251256281407
358<-270: 0.010050251256281407

nodeInfo=(Event,position embedding)
96: 96,41
358: 358,1
270: 270,19
569: 569,10
575: 575,2


Sequence Order: 575 96 575 96 575 96 575 96 575 96 575 358 575 358 575 569 358 575 358 575 270 358 575 358 575 358 575 358 575 358 575 270 358 575 358 575 358 575 358 575 569 358 575 358 575 358 575 358 575 358