Label=Normal
network[son<-parent]=
557<-557: 0.05025125628140704
212<-557: 0.04522613065326633
557<-212: 0.05025125628140704
212<-212: 0.07035175879396985
158<-212: 0.010050251256281407
212<-158: 0.010050251256281407
517<-557: 0.005025125628140704
212<-517: 0.005025125628140704

nodeInfo=(Event,position embedding)
517: 517,12
212: 212,3
557: 557,1
158: 158,6


Sequence Order: 557 557 557 212 557 212 557 557 212 212 557 557 212 212 557 557 212 212 212 557 557 212 212 158 212 212 212 557 557 557 212 212 557 212 212 212 557 557 517 212 212 212 557 212 158 212 212 212 557 557