Label=Normal
network[son<-parent]=
557<-557: 0.06532663316582915
212<-557: 0.01507537688442211
158<-212: 0.01507537688442211
212<-158: 0.010050251256281407
212<-212: 0.06030150753768844
158<-158: 0.03015075376884422
557<-158: 0.01507537688442211
158<-557: 0.005025125628140704
557<-212: 0.005025125628140704
10<-212: 0.005025125628140704
158<-10: 0.005025125628140704
517<-158: 0.005025125628140704
517<-517: 0.005025125628140704
158<-517: 0.005025125628140704

nodeInfo=(Event,position embedding)
517: 517,8
10: 10,13
557: 557,1
212: 212,14
158: 158,6


Sequence Order: 557 557 557 212 158 212 212 212 212 212 212 212 212 212 212 212 212 158 158 158 557 557 557 557 557 557 557 212 158 557 158 158 212 557 557 212 212 10 158 158 158 517 517 158 158 557 557 557 557 557