Label=Normal
network[son<-parent]=
58<-58: 0.005025125628140704
486<-58: 0.005025125628140704
486<-486: 0.1708542713567839
362<-486: 0.005025125628140704
486<-362: 0.005025125628140704
176<-486: 0.005025125628140704
176<-176: 0.01507537688442211
406<-176: 0.005025125628140704
42<-406: 0.005025125628140704
546<-42: 0.005025125628140704
546<-546: 0.005025125628140704
462<-546: 0.005025125628140704
462<-462: 0.005025125628140704
265<-462: 0.005025125628140704

nodeInfo=(Event,position embedding)
546: 546,4
486: 486,12
265: 265,1
362: 362,32
42: 42,6
462: 462,2
176: 176,8
406: 406,7
58: 58,49


Sequence Order: 58 58 486 486 486 486 486 486 486 486 486 486 486 486 486 486 486 486 362 486 486 486 486 486 486 486 486 486 486 486 486 486 486 486 486 486 486 486 486 176 176 176 176 406 42 546 546 462 462 265