Label=Normal
network[son<-parent]=
259<-145: 0.005025125628140704
158<-259: 0.005025125628140704
300<-158: 0.005025125628140704
158<-300: 0.005025125628140704
333<-158: 0.01507537688442211
158<-333: 0.01507537688442211
158<-158: 0.1658291457286432
557<-158: 0.010050251256281407
158<-557: 0.010050251256281407
213<-158: 0.005025125628140704
158<-213: 0.005025125628140704

nodeInfo=(Event,position embedding)
259: 259,49
300: 300,47
333: 333,11
557: 557,22
145: 145,50
213: 213,29
158: 158,1


Sequence Order: 145 259 158 300 158 333 158 158 158 158 158 158 158 158 158 158 557 158 158 158 158 213 158 158 158 158 158 158 557 158 158 158 158 158 158 333 158 158 158 333 158 158 158 158 158 158 158 158 158 158