Label=Anomalous
network[son<-parent]=
557<-212: 0.035175879396984924
557<-557: 0.04522613065326633
158<-557: 0.005025125628140704
212<-158: 0.005025125628140704
212<-212: 0.01507537688442211
212<-557: 0.03015075376884422
144<-212: 0.005025125628140704
144<-144: 0.07537688442211055
87<-144: 0.005025125628140704
144<-87: 0.005025125628140704
569<-144: 0.005025125628140704
144<-569: 0.005025125628140704
116<-144: 0.005025125628140704
549<-116: 0.005025125628140704

nodeInfo=(Event,position embedding)
549: 549,1
557: 557,24
144: 144,3
212: 212,23
116: 116,2
87: 87,16
569: 569,4
158: 158,47


Sequence Order: 212 557 557 158 212 212 212 557 557 212 212 557 557 212 557 212 557 557 212 557 212 557 557 557 557 557 557 212 144 144 144 144 144 144 87 144 144 144 144 144 144 144 144 144 144 144 569 144 116 549