Label=Normal
network[son<-parent]=
557<-557: 0.18090452261306533
158<-557: 0.010050251256281407
557<-158: 0.010050251256281407
212<-557: 0.020100502512562814
557<-212: 0.020100502512562814
212<-212: 0.005025125628140704

nodeInfo=(Event,position embedding)
212: 212,15
557: 557,1
158: 158,20


Sequence Order: 557 557 158 557 557 557 557 557 557 557 557 557 557 557 557 557 212 557 557 557 557 557 557 557 212 557 212 557 557 557 158 557 557 557 212 212 557 557 557 557 557 557 557 557 557 557 557 557 557 557