Label=Normal
network[son<-parent]=
158<-570: 0.005025125628140704
158<-158: 0.06532663316582915
557<-158: 0.01507537688442211
557<-557: 0.1306532663316583
517<-557: 0.005025125628140704
557<-517: 0.005025125628140704
182<-557: 0.005025125628140704
557<-182: 0.005025125628140704
158<-557: 0.010050251256281407

nodeInfo=(Event,position embedding)
517: 517,15
557: 557,1
182: 182,11
570: 570,50
158: 158,3


Sequence Order: 570 158 158 158 158 158 158 158 158 158 158 158 158 158 158 557 557 557 557 557 557 557 557 557 557 557 557 557 557 557 557 557 557 557 557 517 557 557 557 182 557 557 557 557 557 158 557 158 557 557