Label=Normal
network[son<-parent]=
546<-265: 0.05527638190954774
462<-546: 0.05527638190954774
265<-462: 0.05025125628140704
201<-462: 0.005025125628140704
265<-201: 0.005025125628140704
201<-265: 0.005025125628140704
439<-201: 0.005025125628140704
546<-439: 0.005025125628140704
315<-546: 0.005025125628140704
315<-315: 0.05527638190954774

nodeInfo=(Event,position embedding)
546: 546,13
265: 265,16
201: 201,15
462: 462,18
439: 439,14
315: 315,1


Sequence Order: 265 546 462 265 546 462 265 546 462 265 546 462 265 546 462 265 546 462 265 546 462 265 546 462 265 546 462 265 546 462 265 546 462 201 265 201 439 546 315 315 315 315 315 315 315 315 315 315 315 315