Label=Normal
network[son<-parent]=
315<-315: 0.08542713567839195
332<-315: 0.005025125628140704
326<-332: 0.005025125628140704
283<-326: 0.005025125628140704
283<-283: 0.03015075376884422
143<-283: 0.02512562814070352
143<-143: 0.035175879396984924
283<-143: 0.01507537688442211
368<-143: 0.010050251256281407
283<-368: 0.005025125628140704
315<-368: 0.005025125628140704
283<-315: 0.010050251256281407
315<-283: 0.005025125628140704
368<-283: 0.005025125628140704

nodeInfo=(Event,position embedding)
326: 326,31
332: 332,32
143: 143,3
368: 368,1
315: 315,10
283: 283,2


Sequence Order: 315 315 315 315 315 315 315 315 315 315 315 315 315 315 315 315 315 315 332 326 283 283 143 143 143 283 143 368 283 283 283 283 283 143 143 143 143 368 315 283 315 283 143 283 283 143 143 143 283 368