Label=Normal
network[son<-parent]=
265<-265: 0.02512562814070352
462<-265: 0.005025125628140704
265<-462: 0.010050251256281407
546<-265: 0.010050251256281407
201<-546: 0.005025125628140704
462<-201: 0.005025125628140704
462<-546: 0.01507537688442211
368<-462: 0.005025125628140704
546<-368: 0.005025125628140704
546<-546: 0.05527638190954774
462<-462: 0.05527638190954774
143<-462: 0.005025125628140704
265<-143: 0.020100502512562814
143<-265: 0.01507537688442211
201<-265: 0.005025125628140704
546<-201: 0.005025125628140704

nodeInfo=(Event,position embedding)
546: 546,2
265: 265,4
201: 201,3
462: 462,1
143: 143,5
368: 368,40


Sequence Order: 265 265 462 265 546 201 462 265 546 462 368 546 546 546 546 546 546 546 546 546 546 546 546 462 462 462 462 462 462 462 462 462 462 462 462 143 265 265 265 265 143 265 143 265 265 143 265 201 546 462