Label=Normal
network[son<-parent]=
462<-546: 0.05025125628140704
265<-462: 0.03015075376884422
462<-265: 0.020100502512562814
265<-265: 0.010050251256281407
201<-265: 0.005025125628140704
546<-201: 0.005025125628140704
238<-462: 0.005025125628140704
546<-238: 0.005025125628140704
368<-462: 0.005025125628140704
546<-368: 0.005025125628140704
546<-546: 0.020100502512562814
546<-265: 0.01507537688442211
143<-462: 0.020100502512562814
546<-143: 0.01507537688442211
546<-462: 0.01507537688442211
462<-462: 0.005025125628140704
462<-143: 0.005025125628140704
265<-546: 0.010050251256281407

nodeInfo=(Event,position embedding)
546: 546,1
265: 265,4
201: 201,42
462: 462,2
238: 238,39
368: 368,36
143: 143,12


Sequence Order: 546 462 265 462 265 462 265 265 201 546 462 238 546 462 368 546 546 462 265 462 265 546 462 143 546 462 143 546 462 143 546 546 546 546 462 546 462 462 143 462 265 462 546 265 546 265 265 546 462 546