Label=Normal
network[son<-parent]=
143<-462: 0.020100502512562814
143<-143: 0.01507537688442211
462<-143: 0.010050251256281407
265<-143: 0.005025125628140704
546<-265: 0.020100502512562814
546<-546: 0.04020100502512563
462<-546: 0.03015075376884422
462<-462: 0.03015075376884422
265<-462: 0.03015075376884422
462<-265: 0.005025125628140704
265<-265: 0.01507537688442211
201<-265: 0.005025125628140704
546<-201: 0.005025125628140704
368<-265: 0.005025125628140704
546<-368: 0.005025125628140704
546<-143: 0.005025125628140704

nodeInfo=(Event,position embedding)
546: 546,1
265: 265,14
201: 201,32
462: 462,5
143: 143,2
368: 368,20


Sequence Order: 462 143 143 462 143 265 546 546 546 546 462 462 462 265 462 265 265 265 201 546 462 265 546 546 546 462 462 462 265 265 368 546 462 265 546 462 265 546 546 546 546 462 462 462 143 462 143 143 143 546