Label=Normal
network[son<-parent]=
462<-546: 0.05025125628140704
462<-462: 0.020100502512562814
265<-462: 0.03015075376884422
265<-265: 0.020100502512562814
201<-265: 0.005025125628140704
546<-201: 0.005025125628140704
546<-265: 0.03015075376884422
546<-462: 0.01507537688442211
368<-546: 0.005025125628140704
462<-368: 0.005025125628140704
143<-462: 0.01507537688442211
546<-143: 0.010050251256281407
546<-546: 0.01507537688442211
143<-546: 0.005025125628140704
462<-143: 0.010050251256281407
265<-546: 0.005025125628140704

nodeInfo=(Event,position embedding)
546: 546,2
265: 265,3
201: 201,41
462: 462,1
143: 143,9
368: 368,34


Sequence Order: 546 462 462 462 462 265 265 265 265 201 546 462 265 546 462 546 368 462 265 546 462 265 546 462 265 546 462 143 546 462 143 546 546 462 546 546 462 546 143 462 462 143 462 265 265 546 546 265 546 462