Label=Normal
network[son<-parent]=
546<-143: 0.01507537688442211
546<-546: 0.03015075376884422
462<-546: 0.04020100502512563
462<-462: 0.02512562814070352
143<-462: 0.020100502512562814
265<-143: 0.005025125628140704
546<-265: 0.020100502512562814
546<-462: 0.010050251256281407
265<-546: 0.01507537688442211
265<-265: 0.01507537688442211
265<-462: 0.01507537688442211
462<-265: 0.010050251256281407
201<-265: 0.005025125628140704
546<-201: 0.005025125628140704
368<-462: 0.005025125628140704
546<-368: 0.005025125628140704
462<-143: 0.005025125628140704

nodeInfo=(Event,position embedding)
546: 546,2
265: 265,17
201: 201,16
462: 462,1
143: 143,4
368: 368,13


Sequence Order: 143 546 546 462 462 143 265 546 546 546 546 462 462 462 462 546 265 546 265 265 546 265 546 462 462 546 462 265 462 265 462 265 265 265 201 546 462 368 546 462 143 546 546 462 143 462 143 546 546 462