Label=Normal
network[son<-parent]=
462<-462: 0.035175879396984924
265<-462: 0.020100502512562814
462<-265: 0.010050251256281407
265<-265: 0.020100502512562814
546<-265: 0.01507537688442211
462<-546: 0.035175879396984924
368<-462: 0.005025125628140704
201<-368: 0.005025125628140704
546<-201: 0.005025125628140704
143<-462: 0.01507537688442211
546<-143: 0.010050251256281407
546<-546: 0.04020100502512563
143<-143: 0.005025125628140704
265<-143: 0.005025125628140704
546<-462: 0.005025125628140704
368<-265: 0.005025125628140704
546<-368: 0.005025125628140704
265<-546: 0.005025125628140704

nodeInfo=(Event,position embedding)
546: 546,6
265: 265,3
201: 201,40
462: 462,1
143: 143,26
368: 368,12


Sequence Order: 462 462 265 462 265 265 265 546 462 368 201 546 462 143 546 546 462 462 143 143 546 546 462 462 143 265 546 546 546 546 546 462 462 546 462 462 462 265 368 546 462 265 546 546 546 265 265 265 462 462