Label=Normal
network[son<-parent]=
462<-462: 0.03015075376884422
265<-462: 0.02512562814070352
265<-265: 0.02512562814070352
201<-265: 0.005025125628140704
546<-201: 0.005025125628140704
462<-546: 0.035175879396984924
143<-462: 0.01507537688442211
546<-143: 0.010050251256281407
546<-546: 0.035175879396984924
143<-143: 0.005025125628140704
265<-143: 0.005025125628140704
546<-265: 0.010050251256281407
368<-462: 0.005025125628140704
546<-368: 0.005025125628140704
462<-265: 0.01507537688442211
546<-462: 0.010050251256281407
265<-546: 0.005025125628140704

nodeInfo=(Event,position embedding)
546: 546,8
265: 265,1
201: 201,44
462: 462,2
143: 143,30
368: 368,26


Sequence Order: 462 462 265 265 265 265 201 546 462 143 546 546 462 462 143 143 546 546 462 462 143 265 546 462 368 546 546 546 546 462 462 462 265 462 546 265 265 265 546 546 462 546 546 462 265 462 462 265 462 265