Label=Normal
network[son<-parent]=
123<-192: 0.005025125628140704
546<-123: 0.005025125628140704
462<-546: 0.07537688442211055
265<-462: 0.07537688442211055
546<-265: 0.07035175879396985
315<-265: 0.005025125628140704
315<-315: 0.010050251256281407

nodeInfo=(Event,position embedding)
192: 192,50
546: 546,6
265: 265,4
462: 462,5
315: 315,1
123: 123,49


Sequence Order: 192 123 546 462 265 546 462 265 546 462 265 546 462 265 546 462 265 546 462 265 546 462 265 546 462 265 546 462 265 546 462 265 546 462 265 546 462 265 546 462 265 546 462 265 546 462 265 315 315 315