Label=Normal
network[son<-parent]=
557<-557: 0.010050251256281407
212<-557: 0.020100502512562814
212<-212: 0.010050251256281407
96<-212: 0.010050251256281407
575<-96: 0.005025125628140704
158<-575: 0.005025125628140704
158<-158: 0.005025125628140704
557<-158: 0.01507537688442211
158<-212: 0.005025125628140704
333<-212: 0.005025125628140704
158<-333: 0.005025125628140704
358<-96: 0.005025125628140704
358<-358: 0.1457286432160804

nodeInfo=(Event,position embedding)
96: 96,31
358: 358,1
557: 557,33
333: 333,35
212: 212,32
158: 158,34
575: 575,45


Sequence Order: 557 557 212 212 96 575 158 158 557 557 212 212 158 557 212 333 158 557 212 96 358 358 358 358 358 358 358 358 358 358 358 358 358 358 358 358 358 358 358 358 358 358 358 358 358 358 358 358 358 358