Label=Normal
network[son<-parent]=
276<-575: 0.01507537688442211
575<-276: 0.01507537688442211
358<-575: 0.09547738693467336
575<-358: 0.09045226130653267
358<-358: 0.005025125628140704
575<-575: 0.005025125628140704
270<-575: 0.005025125628140704
358<-270: 0.005025125628140704
270<-358: 0.005025125628140704
575<-270: 0.005025125628140704

nodeInfo=(Event,position embedding)
276: 276,45
270: 270,5
358: 358,1
575: 575,2


Sequence Order: 575 276 575 276 575 276 575 358 575 358 575 358 575 358 575 358 358 575 575 358 575 358 575 358 575 358 575 358 575 358 575 358 575 358 575 358 575 358 575 358 575 358 575 270 358 270 575 358 575 358