Label=Normal
network[son<-parent]=
276<-575: 0.010050251256281407
575<-276: 0.010050251256281407
358<-575: 0.06532663316582915
575<-358: 0.07035175879396985
270<-575: 0.005025125628140704
358<-270: 0.005025125628140704
158<-575: 0.005025125628140704
158<-158: 0.05527638190954774
517<-158: 0.010050251256281407
158<-517: 0.010050251256281407

nodeInfo=(Event,position embedding)
517: 517,6
358: 358,18
270: 270,21
276: 276,47
158: 158,1
575: 575,17


Sequence Order: 575 276 575 276 575 358 575 358 575 358 575 358 575 358 575 358 575 358 575 358 575 358 575 358 575 358 575 358 575 270 358 575 358 575 158 158 158 158 158 158 517 158 158 158 517 158 158 158 158 158