Label=Normal
network[son<-parent]=
557<-158: 0.01507537688442211
557<-557: 0.10552763819095477
212<-557: 0.020100502512562814
212<-212: 0.02512562814070352
557<-212: 0.02512562814070352
158<-557: 0.01507537688442211
158<-212: 0.005025125628140704
212<-158: 0.010050251256281407
517<-557: 0.005025125628140704
517<-517: 0.005025125628140704
212<-517: 0.005025125628140704
517<-212: 0.005025125628140704
557<-517: 0.005025125628140704

nodeInfo=(Event,position embedding)
517: 517,13
212: 212,7
557: 557,1
158: 158,10


Sequence Order: 158 557 557 557 557 557 557 557 212 212 557 557 557 158 557 557 158 557 557 557 212 557 212 158 212 557 212 557 557 557 557 557 517 517 212 212 212 517 557 557 158 212 212 212 557 557 557 557 557 557