Label=Normal
network[son<-parent]=
575<-276: 0.005025125628140704
358<-575: 0.04522613065326633
575<-358: 0.04522613065326633
158<-575: 0.005025125628140704
158<-158: 0.135678391959799
557<-158: 0.005025125628140704
158<-557: 0.005025125628140704

nodeInfo=(Event,position embedding)
358: 358,32
557: 557,9
276: 276,50
158: 158,1
575: 575,31


Sequence Order: 276 575 358 575 358 575 358 575 358 575 358 575 358 575 358 575 358 575 358 575 158 158 158 158 158 158 158 158 158 158 158 158 158 158 158 158 158 158 158 158 158 557 158 158 158 158 158 158 158 158