Label=Normal
network[son<-parent]=
557<-212: 0.05025125628140704
557<-557: 0.11557788944723618
212<-557: 0.05025125628140704
212<-212: 0.01507537688442211
333<-212: 0.005025125628140704
333<-333: 0.005025125628140704
557<-333: 0.005025125628140704

nodeInfo=(Event,position embedding)
333: 333,17
212: 212,7
557: 557,1


Sequence Order: 212 557 557 557 557 212 212 557 557 212 212 557 212 557 557 557 557 557 212 557 212 557 557 557 557 557 212 557 557 557 212 212 333 333 557 557 557 212 557 212 557 557 557 212 557 557 557 557 557 557