Label=Normal
network[son<-parent]=
557<-557: 0.1708542713567839
212<-557: 0.03015075376884422
557<-212: 0.03015075376884422
158<-557: 0.005025125628140704
557<-158: 0.005025125628140704
212<-212: 0.005025125628140704

nodeInfo=(Event,position embedding)
212: 212,2
557: 557,1
158: 158,16


Sequence Order: 557 557 557 557 557 557 557 557 557 212 557 557 557 557 557 212 557 212 557 557 557 557 212 557 212 557 557 557 557 557 557 557 557 557 158 557 557 557 557 557 557 557 557 557 557 557 557 212 212 557