Label=Normal
network[son<-parent]=
158<-557: 0.035175879396984924
158<-158: 0.01507537688442211
557<-158: 0.04020100502512563
557<-557: 0.05025125628140704
517<-557: 0.010050251256281407
557<-517: 0.010050251256281407
212<-557: 0.035175879396984924
212<-212: 0.01507537688442211
557<-212: 0.03015075376884422
158<-212: 0.005025125628140704

nodeInfo=(Event,position embedding)
517: 517,10
212: 212,4
557: 557,1
158: 158,18


Sequence Order: 557 158 158 557 158 557 158 557 158 557 557 557 158 158 158 557 557 517 557 158 557 158 557 212 212 557 212 557 212 557 212 212 158 557 557 557 212 557 212 557 517 557 557 557 557 212 212 557 557 557