Label=Normal
network[son<-parent]=
557<-158: 0.010050251256281407
158<-557: 0.01507537688442211
557<-557: 0.07537688442211055
212<-557: 0.02512562814070352
557<-212: 0.04020100502512563
333<-557: 0.005025125628140704
557<-333: 0.005025125628140704
212<-158: 0.020100502512562814
158<-212: 0.010050251256281407
212<-212: 0.020100502512562814
517<-557: 0.010050251256281407
212<-517: 0.005025125628140704
557<-517: 0.005025125628140704

nodeInfo=(Event,position embedding)
517: 517,15
333: 333,39
557: 557,1
212: 212,8
158: 158,12


Sequence Order: 158 557 158 557 557 557 557 557 212 557 557 333 557 557 212 557 158 212 158 212 557 557 212 212 212 557 517 212 212 557 557 158 212 212 557 517 557 212 158 212 557 557 212 557 557 557 557 557 557 557