Label=Normal
network[son<-parent]=
557<-557: 0.005025125628140704
212<-557: 0.005025125628140704
96<-212: 0.005025125628140704
575<-96: 0.005025125628140704
144<-575: 0.005025125628140704
144<-144: 0.04522613065326633
87<-144: 0.005025125628140704
144<-87: 0.005025125628140704
65<-144: 0.005025125628140704
144<-65: 0.005025125628140704
569<-144: 0.005025125628140704
569<-569: 0.005025125628140704
158<-569: 0.005025125628140704
104<-158: 0.005025125628140704
158<-104: 0.005025125628140704
158<-158: 0.1306532663316583

nodeInfo=(Event,position embedding)
96: 96,47
65: 65,34
104: 104,28
557: 557,49
144: 144,32
212: 212,48
87: 87,43
569: 569,30
158: 158,1
575: 575,46


Sequence Order: 557 557 212 96 575 144 144 87 144 144 144 144 144 144 144 144 65 144 144 569 569 158 104 158 158 158 158 158 158 158 158 158 158 158 158 158 158 158 158 158 158 158 158 158 158 158 158 158 158 158