Label=Normal
network[son<-parent]=
158<-212: 0.020100502512562814
557<-158: 0.020100502512562814
212<-557: 0.020100502512562814
158<-158: 0.010050251256281407
557<-557: 0.1507537688442211
557<-212: 0.010050251256281407
570<-557: 0.005025125628140704
570<-570: 0.005025125628140704
212<-570: 0.005025125628140704

nodeInfo=(Event,position embedding)
570: 570,23
212: 212,13
557: 557,1
158: 158,20


Sequence Order: 212 158 557 212 158 158 557 557 557 212 557 557 212 158 557 557 557 557 557 557 557 557 557 557 557 557 570 570 212 158 158 557 557 557 557 557 557 212 557 557 557 557 557 557 557 557 557 557 557 557