Label=Normal
network[son<-parent]=
557<-212: 0.06030150753768844
212<-557: 0.06030150753768844
212<-212: 0.04522613065326633
557<-557: 0.06030150753768844
158<-557: 0.005025125628140704
557<-158: 0.005025125628140704
333<-212: 0.005025125628140704
212<-333: 0.005025125628140704

nodeInfo=(Event,position embedding)
333: 333,29
212: 212,1
557: 557,3
158: 158,41


Sequence Order: 212 557 212 212 557 212 212 557 557 158 557 212 557 557 212 212 557 557 212 212 212 333 212 557 212 212 557 557 212 557 557 557 557 557 557 212 557 212 557 212 212 212 557 557 557 557 212 557 212 212