Label=Normal
network[son<-parent]=
96<-517: 0.010050251256281407
575<-96: 0.01507537688442211
570<-575: 0.005025125628140704
570<-570: 0.02512562814070352
517<-570: 0.005025125628140704
517<-517: 0.020100502512562814
158<-517: 0.005025125628140704
517<-158: 0.005025125628140704
557<-517: 0.005025125628140704
212<-557: 0.005025125628140704
104<-212: 0.005025125628140704
104<-104: 0.10552763819095477
96<-104: 0.005025125628140704
104<-575: 0.010050251256281407
517<-104: 0.010050251256281407
333<-517: 0.005025125628140704
104<-333: 0.005025125628140704

nodeInfo=(Event,position embedding)
96: 96,19
517: 517,20
104: 104,1
557: 557,37
333: 333,28
212: 212,36
570: 570,42
158: 158,39
575: 575,18


Sequence Order: 517 96 575 570 570 570 570 570 570 517 517 158 517 557 212 104 104 96 575 104 104 517 333 104 104 104 104 517 517 517 517 96 575 104 104 104 104 104 104 104 104 104 104 104 104 104 104 104 104 104