Label=Normal
network[son<-parent]=
546<-265: 0.04522613065326633
462<-546: 0.04522613065326633
265<-462: 0.04522613065326633
315<-265: 0.005025125628140704
315<-315: 0.05527638190954774
333<-315: 0.005025125628140704
158<-333: 0.005025125628140704
158<-158: 0.005025125628140704
517<-158: 0.005025125628140704
517<-517: 0.010050251256281407
333<-517: 0.005025125628140704
557<-333: 0.005025125628140704
557<-557: 0.005025125628140704
517<-557: 0.005025125628140704

nodeInfo=(Event,position embedding)
546: 546,25
517: 517,1
265: 265,23
333: 333,5
462: 462,24
557: 557,3
315: 315,11
158: 158,8


Sequence Order: 265 546 462 265 546 462 265 546 462 265 546 462 265 546 462 265 546 462 265 546 462 265 546 462 265 546 462 265 315 315 315 315 315 315 315 315 315 315 315 315 333 158 158 517 517 333 557 557 517 517