Label=Normal
network[son<-parent]=
557<-557: 0.01507537688442211
212<-557: 0.010050251256281407
333<-212: 0.005025125628140704
212<-333: 0.005025125628140704
212<-212: 0.01507537688442211
557<-212: 0.005025125628140704
96<-212: 0.005025125628140704
96<-96: 0.010050251256281407
575<-96: 0.005025125628140704
575<-575: 0.035175879396984924
96<-575: 0.005025125628140704
358<-96: 0.005025125628140704
358<-358: 0.020100502512562814
575<-358: 0.05527638190954774
358<-575: 0.05025125628140704

nodeInfo=(Event,position embedding)
96: 96,33
358: 358,2
333: 333,45
557: 557,41
212: 212,39
575: 575,1


Sequence Order: 557 557 557 557 212 333 212 212 212 557 212 212 96 96 575 575 96 96 358 358 575 575 575 575 358 358 358 575 575 575 358 358 575 575 358 575 358 575 358 575 358 575 358 575 358 575 358 575 358 575