Label=Normal
network[son<-parent]=
212<-517: 0.005025125628140704
212<-212: 0.005025125628140704
517<-212: 0.005025125628140704
276<-517: 0.005025125628140704
358<-276: 0.005025125628140704
358<-358: 0.08040201005025126
575<-358: 0.035175879396984924
575<-575: 0.07035175879396985
358<-575: 0.035175879396984924

nodeInfo=(Event,position embedding)
517: 517,47
358: 358,1
276: 276,46
212: 212,48
575: 575,2


Sequence Order: 517 212 212 517 276 358 358 358 358 358 358 358 358 358 358 358 358 358 575 575 575 575 358 575 358 575 358 575 358 575 575 575 575 575 575 575 358 358 358 358 575 575 575 575 358 358 575 575 575 358