Label=Normal
network[son<-parent]=
158<-557: 0.005025125628140704
557<-158: 0.005025125628140704
557<-557: 0.12562814070351758
212<-557: 0.04020100502512563
557<-212: 0.04020100502512563
517<-212: 0.005025125628140704
212<-517: 0.005025125628140704
212<-212: 0.020100502512562814

nodeInfo=(Event,position embedding)
517: 517,38
212: 212,8
557: 557,1
158: 158,49


Sequence Order: 557 158 557 557 557 557 557 557 557 212 557 212 517 212 557 212 212 212 557 557 212 212 557 557 557 557 557 557 557 557 212 557 557 557 557 557 212 557 212 212 557 557 212 557 557 557 557 557 557 557