Label=Normal
network[son<-parent]=
265<-462: 0.06030150753768844
546<-265: 0.05527638190954774
462<-546: 0.05527638190954774
315<-265: 0.005025125628140704
315<-315: 0.005025125628140704
158<-315: 0.005025125628140704
557<-158: 0.020100502512562814
144<-557: 0.01507537688442211
158<-144: 0.010050251256281407
570<-144: 0.005025125628140704
333<-570: 0.005025125628140704
158<-333: 0.005025125628140704

nodeInfo=(Event,position embedding)
546: 546,18
265: 265,16
557: 557,1
462: 462,17
333: 333,3
144: 144,5
570: 570,4
315: 315,14
158: 158,2


Sequence Order: 462 265 546 462 265 546 462 265 546 462 265 546 462 265 546 462 265 546 462 265 546 462 265 546 462 265 546 462 265 546 462 265 546 462 265 315 315 158 557 144 158 557 144 158 557 144 570 333 158 557