Label=Normal
network[son<-parent]=
212<-212: 0.020100502512562814
557<-212: 0.005025125628140704
333<-557: 0.01507537688442211
333<-333: 0.020100502512562814
212<-333: 0.005025125628140704
158<-212: 0.005025125628140704
212<-158: 0.005025125628140704
333<-212: 0.005025125628140704
557<-333: 0.01507537688442211
557<-557: 0.135678391959799
158<-557: 0.005025125628140704
557<-158: 0.005025125628140704
212<-557: 0.005025125628140704

nodeInfo=(Event,position embedding)
333: 333,32
212: 212,1
557: 557,2
158: 158,3


Sequence Order: 212 212 212 212 557 333 333 212 212 158 212 333 333 557 333 333 557 333 333 557 557 557 557 557 557 557 557 557 557 557 557 557 557 557 557 557 557 557 557 557 557 557 557 557 557 557 557 158 557 212