Label=Normal
network[son<-parent]=
557<-557: 0.035175879396984924
352<-557: 0.005025125628140704
148<-352: 0.005025125628140704
575<-148: 0.010050251256281407
570<-575: 0.005025125628140704
570<-570: 0.005025125628140704
158<-570: 0.005025125628140704
557<-158: 0.010050251256281407
535<-557: 0.010050251256281407
158<-535: 0.005025125628140704
158<-158: 0.010050251256281407
535<-535: 0.1306532663316583
148<-535: 0.005025125628140704
535<-575: 0.005025125628140704

nodeInfo=(Event,position embedding)
352: 352,44
557: 557,31
148: 148,27
535: 535,1
570: 570,40
158: 158,34
575: 575,26


Sequence Order: 557 557 557 557 557 557 352 148 575 570 570 158 557 535 158 158 158 557 557 557 535 535 535 148 575 535 535 535 535 535 535 535 535 535 535 535 535 535 535 535 535 535 535 535 535 535 535 535 535 535