Label=Normal
network[son<-parent]=
158<-557: 0.02512562814070352
557<-158: 0.01507537688442211
212<-557: 0.020100502512562814
557<-212: 0.020100502512562814
517<-158: 0.005025125628140704
517<-517: 0.01507537688442211
557<-517: 0.005025125628140704
158<-158: 0.005025125628140704
557<-557: 0.07537688442211055
333<-158: 0.005025125628140704
333<-333: 0.010050251256281407
517<-333: 0.010050251256281407
333<-517: 0.005025125628140704
570<-517: 0.005025125628140704
570<-570: 0.005025125628140704
557<-570: 0.005025125628140704
212<-212: 0.010050251256281407
333<-557: 0.005025125628140704

nodeInfo=(Event,position embedding)
517: 517,26
333: 333,1
557: 557,3
212: 212,4
570: 570,24
158: 158,19


Sequence Order: 557 158 557 212 557 158 517 517 517 557 158 158 557 557 557 557 557 557 158 333 333 517 517 333 517 570 570 557 557 557 557 158 557 557 557 212 212 557 557 557 557 212 557 557 557 212 212 557 333 333