Label=Normal
network[son<-parent]=
557<-517: 0.01507537688442211
158<-557: 0.005025125628140704
517<-158: 0.005025125628140704
517<-517: 0.020100502512562814
158<-517: 0.005025125628140704
212<-158: 0.005025125628140704
557<-212: 0.03015075376884422
333<-557: 0.01507537688442211
333<-333: 0.01507537688442211
557<-333: 0.01507537688442211
557<-557: 0.07035175879396985
212<-557: 0.02512562814070352
517<-557: 0.01507537688442211
212<-517: 0.005025125628140704

nodeInfo=(Event,position embedding)
517: 517,5
333: 333,18
557: 557,2
212: 212,1
158: 158,44


Sequence Order: 517 557 158 517 517 517 158 212 557 333 333 557 557 557 212 557 212 557 517 517 557 557 333 333 557 212 557 212 557 557 557 333 333 557 557 557 557 557 517 517 557 557 557 557 557 517 212 557 557 212