Label=Normal
network[son<-parent]=
557<-557: 0.05527638190954774
212<-557: 0.005025125628140704
557<-212: 0.005025125628140704
10<-557: 0.005025125628140704
96<-10: 0.005025125628140704
88<-96: 0.005025125628140704
158<-88: 0.005025125628140704
158<-158: 0.10050251256281408
570<-158: 0.010050251256281407
570<-570: 0.010050251256281407
158<-570: 0.010050251256281407
517<-158: 0.005025125628140704
333<-517: 0.005025125628140704
557<-333: 0.005025125628140704
158<-557: 0.010050251256281407
557<-158: 0.005025125628140704

nodeInfo=(Event,position embedding)
96: 96,35
517: 517,24
10: 10,36
557: 557,19
333: 333,23
212: 212,48
88: 88,34
570: 570,6
158: 158,1


Sequence Order: 557 557 212 557 557 557 557 557 557 557 557 557 557 557 10 96 88 158 158 570 570 158 158 158 158 158 517 333 557 158 158 557 158 158 158 158 158 158 158 158 158 158 158 570 570 158 158 158 158 158