Label=Normal
network[son<-parent]=
212<-411: 0.005025125628140704
557<-212: 0.01507537688442211
411<-557: 0.005025125628140704
557<-411: 0.005025125628140704
212<-557: 0.010050251256281407
557<-557: 0.1708542713567839
174<-557: 0.010050251256281407
212<-174: 0.005025125628140704
174<-212: 0.005025125628140704
557<-174: 0.010050251256281407
174<-174: 0.005025125628140704

nodeInfo=(Event,position embedding)
411: 411,47
212: 212,14
557: 557,1
174: 174,25


Sequence Order: 411 212 557 411 557 212 557 557 557 557 557 557 557 174 212 174 557 557 557 557 557 557 557 557 174 174 557 557 557 557 557 557 557 557 557 557 212 557 557 557 557 557 557 557 557 557 557 557 557 557