Label=Normal
network[son<-parent]=
352<-352: 0.01507537688442211
10<-352: 0.005025125628140704
333<-10: 0.005025125628140704
333<-333: 0.010050251256281407
158<-333: 0.005025125628140704
158<-158: 0.010050251256281407
333<-158: 0.005025125628140704
557<-333: 0.005025125628140704
557<-557: 0.010050251256281407
333<-557: 0.005025125628140704
535<-333: 0.005025125628140704
535<-535: 0.135678391959799
333<-535: 0.005025125628140704
517<-333: 0.005025125628140704
517<-517: 0.005025125628140704
158<-517: 0.005025125628140704
557<-158: 0.005025125628140704
535<-557: 0.005025125628140704

nodeInfo=(Event,position embedding)
352: 352,47
517: 517,29
10: 10,46
557: 557,27
333: 333,31
535: 535,1
158: 158,28


Sequence Order: 352 352 352 352 10 333 333 158 158 158 333 557 557 557 333 535 535 535 333 333 517 517 158 557 535 535 535 535 535 535 535 535 535 535 535 535 535 535 535 535 535 535 535 535 535 535 535 535 535 535