Label=Normal
network[son<-parent]=
158<-517: 0.005025125628140704
570<-158: 0.010050251256281407
570<-570: 0.01507537688442211
158<-570: 0.01507537688442211
158<-158: 0.1407035175879397
517<-158: 0.005025125628140704
517<-517: 0.01507537688442211
570<-517: 0.005025125628140704
557<-158: 0.005025125628140704
557<-557: 0.03015075376884422

nodeInfo=(Event,position embedding)
570: 570,18
557: 557,1
517: 517,20
158: 158,8


Sequence Order: 517 158 570 570 158 158 158 158 158 158 158 158 158 158 158 158 158 158 570 570 158 158 158 158 158 158 158 517 517 517 517 570 570 158 158 158 158 158 158 158 158 158 158 557 557 557 557 557 557 557