Label=Normal
network[son<-parent]=
96<-575: 0.02512562814070352
575<-96: 0.02512562814070352
96<-96: 0.005025125628140704
575<-575: 0.005025125628140704
358<-575: 0.020100502512562814
575<-358: 0.020100502512562814
158<-575: 0.005025125628140704
158<-158: 0.02512562814070352
333<-158: 0.010050251256281407
158<-333: 0.010050251256281407
557<-158: 0.005025125628140704
557<-557: 0.035175879396984924
212<-557: 0.01507537688442211
212<-212: 0.02512562814070352
557<-212: 0.010050251256281407
569<-212: 0.005025125628140704

nodeInfo=(Event,position embedding)
96: 96,39
358: 358,31
333: 333,21
557: 557,3
212: 212,2
569: 569,1
158: 158,20
575: 575,30


Sequence Order: 575 96 575 96 575 96 96 575 575 96 575 96 575 358 575 358 575 358 575 358 575 158 158 158 158 158 158 333 158 333 158 557 557 557 557 557 557 557 557 212 212 212 212 212 557 212 212 557 212 569