Label=Normal
network[son<-parent]=
569<-270: 0.005025125628140704
96<-569: 0.005025125628140704
575<-96: 0.005025125628140704
270<-575: 0.005025125628140704
358<-270: 0.005025125628140704
358<-358: 0.03015075376884422
575<-358: 0.08040201005025126
575<-575: 0.03015075376884422
358<-575: 0.08040201005025126

nodeInfo=(Event,position embedding)
96: 96,48
358: 358,1
270: 270,46
569: 569,49
575: 575,2


Sequence Order: 270 569 96 575 270 358 358 575 575 358 575 358 575 358 575 358 575 358 358 575 575 358 358 575 575 358 575 358 575 358 575 358 575 358 358 575 575 358 575 358 358 575 575 358 358 575 575 358 575 358