Label=Normal
network[son<-parent]=
212<-557: 0.005025125628140704
96<-212: 0.005025125628140704
575<-96: 0.005025125628140704
96<-575: 0.005025125628140704
96<-96: 0.005025125628140704
358<-96: 0.005025125628140704
358<-358: 0.035175879396984924
575<-358: 0.07035175879396985
575<-575: 0.04522613065326633
358<-575: 0.06532663316582915

nodeInfo=(Event,position embedding)
96: 96,45
358: 358,3
557: 557,50
212: 212,49
575: 575,1


Sequence Order: 557 212 96 575 96 96 358 358 358 575 575 575 575 575 358 575 358 358 358 575 575 575 358 575 358 358 575 575 358 575 358 358 575 575 358 575 358 575 358 575 358 575 358 575 358 575 358 358 575 575