Label=Normal
network[son<-parent]=
276<-575: 0.005025125628140704
575<-276: 0.005025125628140704
358<-575: 0.07537688442211055
575<-358: 0.07537688442211055
158<-575: 0.005025125628140704
158<-158: 0.01507537688442211
570<-158: 0.005025125628140704
158<-570: 0.005025125628140704
333<-158: 0.005025125628140704
158<-333: 0.005025125628140704
557<-158: 0.005025125628140704
557<-557: 0.03015075376884422
212<-557: 0.005025125628140704
557<-212: 0.005025125628140704

nodeInfo=(Event,position embedding)
358: 358,19
333: 333,12
557: 557,1
276: 276,49
212: 212,2
570: 570,14
158: 158,10
575: 575,18


Sequence Order: 575 276 575 358 575 358 575 358 575 358 575 358 575 358 575 358 575 358 575 358 575 358 575 358 575 358 575 358 575 358 575 358 575 158 158 158 570 158 333 158 158 557 557 557 557 557 557 557 212 557