Label=Normal
network[son<-parent]=
18<-18: 0.03015075376884422
158<-18: 0.005025125628140704
557<-158: 0.010050251256281407
212<-557: 0.010050251256281407
158<-212: 0.005025125628140704
570<-158: 0.005025125628140704
158<-570: 0.005025125628140704
557<-557: 0.005025125628140704
212<-212: 0.005025125628140704
235<-212: 0.005025125628140704
235<-235: 0.035175879396984924
96<-235: 0.005025125628140704
88<-96: 0.010050251256281407
96<-88: 0.005025125628140704
358<-88: 0.05527638190954774
88<-358: 0.05025125628140704

nodeInfo=(Event,position embedding)
96: 96,23
358: 358,1
235: 235,26
557: 557,36
18: 18,44
212: 212,34
88: 88,2
570: 570,39
158: 158,38


Sequence Order: 18 18 18 18 18 18 18 158 557 212 158 570 158 557 557 212 212 235 235 235 235 235 235 235 235 96 88 96 88 358 88 358 88 358 88 358 88 358 88 358 88 358 88 358 88 358 88 358 88 358