Label=Normal
network[son<-parent]=
517<-212: 0.005025125628140704
517<-517: 0.010050251256281407
535<-517: 0.005025125628140704
535<-535: 0.10552763819095477
158<-535: 0.01507537688442211
557<-158: 0.010050251256281407
535<-557: 0.020100502512562814
557<-557: 0.04522613065326633
158<-158: 0.010050251256281407
517<-158: 0.005025125628140704
557<-517: 0.005025125628140704
557<-535: 0.010050251256281407

nodeInfo=(Event,position embedding)
517: 517,11
557: 557,1
212: 212,50
535: 535,3
158: 158,13


Sequence Order: 212 517 517 535 535 535 535 535 535 535 535 535 535 535 535 535 535 535 535 535 535 535 535 535 535 158 557 535 158 557 557 557 557 557 535 158 158 158 517 517 557 557 557 535 557 557 557 535 557 557