Label=Normal
network[son<-parent]=
557<-212: 0.01507537688442211
557<-557: 0.16080402010050251
60<-557: 0.005025125628140704
557<-60: 0.005025125628140704
213<-557: 0.010050251256281407
557<-213: 0.010050251256281407
212<-557: 0.010050251256281407
213<-212: 0.005025125628140704
212<-213: 0.005025125628140704
216<-557: 0.005025125628140704
557<-216: 0.005025125628140704
349<-557: 0.005025125628140704
557<-349: 0.005025125628140704

nodeInfo=(Event,position embedding)
557: 557,1
212: 212,6
213: 213,16
216: 216,9
60: 60,42
349: 349,2


Sequence Order: 212 557 557 557 557 557 557 557 60 557 557 557 557 557 557 557 557 213 557 557 557 557 557 557 557 212 213 212 557 557 557 557 557 557 213 557 557 557 557 557 557 216 557 557 212 557 557 557 349 557