Label=Normal
network[son<-parent]=
352<-352: 0.04020100502512563
158<-352: 0.005025125628140704
158<-158: 0.04020100502512563
557<-158: 0.01507537688442211
557<-557: 0.07537688442211055
535<-557: 0.020100502512562814
535<-535: 0.01507537688442211
557<-535: 0.010050251256281407
158<-535: 0.005025125628140704
158<-557: 0.005025125628140704
570<-535: 0.005025125628140704
570<-570: 0.005025125628140704
158<-570: 0.005025125628140704

nodeInfo=(Event,position embedding)
352: 352,42
557: 557,9
535: 535,7
570: 570,5
158: 158,1


Sequence Order: 352 352 352 352 352 352 352 352 352 158 158 158 158 158 557 557 557 557 557 535 535 535 557 557 557 557 535 557 557 557 557 535 158 158 557 158 557 557 557 557 557 557 535 535 570 570 158 158 158 158