Label=Normal
network[son<-parent]=
517<-557: 0.005025125628140704
212<-517: 0.005025125628140704
212<-212: 0.010050251256281407
557<-212: 0.02512562814070352
212<-557: 0.03015075376884422
557<-557: 0.05025125628140704
158<-212: 0.005025125628140704
158<-158: 0.05527638190954774
557<-158: 0.010050251256281407
570<-212: 0.005025125628140704
570<-570: 0.010050251256281407
158<-570: 0.010050251256281407
517<-158: 0.005025125628140704
517<-517: 0.010050251256281407
333<-517: 0.005025125628140704
570<-333: 0.005025125628140704

nodeInfo=(Event,position embedding)
517: 517,12
557: 557,1
333: 333,11
212: 212,24
570: 570,9
158: 158,6


Sequence Order: 557 517 212 212 557 212 212 557 557 212 158 158 158 158 557 557 557 557 557 212 557 212 557 212 557 557 212 570 570 158 158 158 158 158 158 158 517 517 517 333 570 570 158 158 158 557 557 557 557 557