Label=Normal
network[son<-parent]=
557<-158: 0.01507537688442211
557<-557: 0.08040201005025126
158<-557: 0.020100502512562814
333<-158: 0.005025125628140704
333<-333: 0.01507537688442211
158<-333: 0.005025125628140704
212<-557: 0.02512562814070352
557<-212: 0.02512562814070352
517<-158: 0.010050251256281407
517<-517: 0.01507537688442211
333<-517: 0.005025125628140704
517<-333: 0.005025125628140704
557<-517: 0.005025125628140704
158<-212: 0.005025125628140704
212<-517: 0.005025125628140704
212<-158: 0.005025125628140704

nodeInfo=(Event,position embedding)
517: 517,9
333: 333,24
557: 557,3
212: 212,1
158: 158,2


Sequence Order: 158 557 557 557 557 158 557 158 333 333 333 333 158 557 557 557 557 557 557 557 212 557 557 158 517 517 333 517 557 557 212 557 212 557 557 212 557 212 158 517 517 517 212 557 557 557 557 557 158 212