Label=Normal
network[son<-parent]=
158<-158: 0.06030150753768844
557<-158: 0.035175879396984924
158<-557: 0.035175879396984924
557<-557: 0.05025125628140704
333<-557: 0.005025125628140704
333<-333: 0.005025125628140704
557<-333: 0.005025125628140704
3<-158: 0.005025125628140704
174<-3: 0.005025125628140704
174<-174: 0.005025125628140704
557<-174: 0.010050251256281407
174<-557: 0.010050251256281407
212<-557: 0.005025125628140704
557<-212: 0.005025125628140704
212<-174: 0.005025125628140704

nodeInfo=(Event,position embedding)
3: 3,19
333: 333,38
174: 174,2
557: 557,3
212: 212,1
158: 158,15


Sequence Order: 158 158 557 158 158 557 158 557 557 557 557 333 333 557 158 158 557 158 158 158 158 158 158 158 158 158 557 158 557 158 158 3 174 174 557 158 557 557 557 174 557 212 557 557 557 557 557 557 174 212