Label=Normal
network[son<-parent]=
575<-276: 0.005025125628140704
88<-575: 0.005025125628140704
462<-88: 0.07035175879396985
265<-462: 0.07035175879396985
358<-265: 0.005025125628140704
88<-358: 0.005025125628140704
88<-88: 0.005025125628140704
88<-265: 0.06030150753768844
315<-265: 0.005025125628140704
315<-315: 0.01507537688442211

nodeInfo=(Event,position embedding)
358: 358,45
265: 265,5
462: 462,6
276: 276,50
88: 88,7
315: 315,1
575: 575,49


Sequence Order: 276 575 88 462 265 358 88 88 462 265 88 462 265 88 462 265 88 462 265 88 462 265 88 462 265 88 462 265 88 462 265 88 462 265 88 462 265 88 462 265 88 462 265 88 462 265 315 315 315 315