Label=Normal
network[son<-parent]=
158<-333: 0.005025125628140704
158<-158: 0.04522613065326633
517<-158: 0.005025125628140704
517<-517: 0.010050251256281407
158<-517: 0.005025125628140704
557<-158: 0.005025125628140704
557<-557: 0.11055276381909548
333<-557: 0.005025125628140704
557<-333: 0.005025125628140704
212<-557: 0.020100502512562814
557<-212: 0.020100502512562814
517<-557: 0.005025125628140704
557<-517: 0.005025125628140704

nodeInfo=(Event,position embedding)
517: 517,9
557: 557,1
333: 333,30
212: 212,2
158: 158,37


Sequence Order: 333 158 158 158 158 158 158 158 517 517 158 158 158 158 557 557 557 557 557 557 333 557 557 557 557 212 557 557 212 557 557 557 557 557 557 557 557 557 557 557 517 517 557 557 557 557 212 557 212 557