Label=Normal
network[son<-parent]=
557<-212: 0.005025125628140704
557<-557: 0.19597989949748743
569<-557: 0.005025125628140704
569<-569: 0.010050251256281407
144<-569: 0.005025125628140704
569<-144: 0.005025125628140704
158<-569: 0.005025125628140704
158<-158: 0.01507537688442211

nodeInfo=(Event,position embedding)
557: 557,10
144: 144,6
212: 212,50
569: 569,5
158: 158,1


Sequence Order: 212 557 557 557 557 557 557 557 557 557 557 557 557 557 557 557 557 557 557 557 557 557 557 557 557 557 557 557 557 557 557 557 557 557 557 557 557 557 557 557 557 569 569 569 144 569 158 158 158 158