Label=Normal
network[son<-parent]=
333<-18: 0.005025125628140704
569<-333: 0.005025125628140704
276<-569: 0.005025125628140704
358<-276: 0.005025125628140704
358<-358: 0.06532663316582915
575<-358: 0.04522613065326633
575<-575: 0.07035175879396985
358<-575: 0.04522613065326633

nodeInfo=(Event,position embedding)
358: 358,1
333: 333,49
18: 18,50
276: 276,47
569: 569,48
575: 575,2


Sequence Order: 18 333 569 276 358 358 358 358 358 575 575 358 358 358 575 575 575 575 575 358 358 575 575 358 358 358 358 358 575 575 358 575 575 575 358 575 358 575 575 575 575 358 575 358 358 358 575 575 575 358