Label=Normal
network[son<-parent]=
575<-96: 0.02512562814070352
96<-575: 0.020100502512562814
96<-96: 0.010050251256281407
575<-575: 0.020100502512562814
358<-575: 0.07537688442211055
575<-358: 0.07035175879396985
358<-358: 0.02512562814070352

nodeInfo=(Event,position embedding)
96: 96,39
358: 358,1
575: 575,5


Sequence Order: 96 575 96 575 96 96 575 575 96 575 96 96 575 575 358 575 358 575 358 575 358 575 358 575 358 575 358 358 575 575 358 575 358 575 358 575 358 358 575 575 358 575 358 575 358 575 358 358 358 358