Label=Normal
network[son<-parent]=
333<-557: 0.010050251256281407
333<-333: 0.005025125628140704
557<-333: 0.010050251256281407
557<-557: 0.020100502512562814
212<-557: 0.010050251256281407
212<-212: 0.005025125628140704
557<-212: 0.005025125628140704
96<-212: 0.005025125628140704
358<-96: 0.005025125628140704
358<-358: 0.05527638190954774
575<-358: 0.03015075376884422
575<-575: 0.06030150753768844
358<-575: 0.02512562814070352

nodeInfo=(Event,position embedding)
96: 96,36
358: 358,3
333: 333,44
557: 557,38
212: 212,37
575: 575,1


Sequence Order: 557 333 333 557 557 557 333 557 212 212 557 557 557 212 96 358 358 358 358 358 358 358 575 575 575 575 358 575 575 575 575 575 358 358 358 358 575 575 575 575 358 358 575 575 358 575 358 358 575 575