Label=Normal
network[son<-parent]=
575<-276: 0.01507537688442211
276<-575: 0.010050251256281407
358<-575: 0.02512562814070352
575<-358: 0.02512562814070352
333<-575: 0.005025125628140704
158<-333: 0.020100502512562814
158<-158: 0.04522613065326633
333<-158: 0.01507537688442211
333<-333: 0.010050251256281407
557<-158: 0.005025125628140704
557<-557: 0.04522613065326633
333<-557: 0.005025125628140704
557<-333: 0.005025125628140704
158<-557: 0.005025125628140704
212<-158: 0.005025125628140704
557<-212: 0.005025125628140704

nodeInfo=(Event,position embedding)
358: 358,36
333: 333,7
557: 557,1
276: 276,46
212: 212,2
158: 158,3
575: 575,35


Sequence Order: 276 575 276 575 276 575 358 575 358 575 358 575 358 575 358 575 333 158 158 158 158 158 158 158 158 333 158 333 333 158 158 333 158 158 557 557 557 557 557 557 557 557 333 333 557 557 557 158 212 557