Label=Normal
network[son<-parent]=
557<-557: 0.09045226130653267
212<-557: 0.035175879396984924
557<-212: 0.03015075376884422
333<-557: 0.010050251256281407
517<-333: 0.005025125628140704
333<-517: 0.005025125628140704
557<-333: 0.01507537688442211
158<-333: 0.005025125628140704
557<-158: 0.005025125628140704
174<-557: 0.005025125628140704
174<-174: 0.005025125628140704
333<-174: 0.010050251256281407
212<-333: 0.005025125628140704
212<-212: 0.005025125628140704
333<-212: 0.005025125628140704
174<-212: 0.005025125628140704
333<-333: 0.005025125628140704

nodeInfo=(Event,position embedding)
517: 517,41
333: 333,4
557: 557,1
174: 174,6
212: 212,7
158: 158,35


Sequence Order: 557 557 557 212 557 557 557 557 333 517 333 557 212 557 333 158 557 212 557 557 557 557 557 557 212 557 212 557 174 174 333 212 212 333 557 557 557 212 557 557 557 557 557 212 174 333 333 557 557 557