Label=Normal
network[son<-parent]=
517<-158: 0.010050251256281407
570<-517: 0.010050251256281407
570<-570: 0.005025125628140704
557<-570: 0.005025125628140704
158<-557: 0.010050251256281407
158<-158: 0.005025125628140704
557<-158: 0.005025125628140704
557<-557: 0.15577889447236182
212<-570: 0.005025125628140704
557<-212: 0.01507537688442211
212<-557: 0.010050251256281407
212<-212: 0.010050251256281407

nodeInfo=(Event,position embedding)
517: 517,40
557: 557,1
212: 212,29
570: 570,39
158: 158,41


Sequence Order: 158 517 570 570 557 158 158 557 557 158 517 570 212 557 557 557 212 557 557 212 212 212 557 557 557 557 557 557 557 557 557 557 557 557 557 557 557 557 557 557 557 557 557 557 557 557 557 557 557 557