Label=Normal
network[son<-parent]=
212<-557: 0.035175879396984924
557<-212: 0.02512562814070352
517<-557: 0.005025125628140704
333<-517: 0.005025125628140704
174<-333: 0.005025125628140704
557<-174: 0.02512562814070352
557<-557: 0.06030150753768844
174<-212: 0.010050251256281407
174<-174: 0.010050251256281407
174<-557: 0.020100502512562814
582<-557: 0.005025125628140704
557<-582: 0.005025125628140704
212<-174: 0.005025125628140704
212<-212: 0.005025125628140704
158<-174: 0.005025125628140704
557<-158: 0.005025125628140704
569<-212: 0.005025125628140704
569<-569: 0.010050251256281407

nodeInfo=(Event,position embedding)
517: 517,45
582: 582,14
333: 333,44
557: 557,5
174: 174,8
212: 212,4
569: 569,1
158: 158,7


Sequence Order: 557 212 557 212 557 517 333 174 557 557 557 557 557 212 174 174 557 557 557 212 557 174 174 557 557 557 557 174 557 212 557 557 174 557 212 557 582 557 557 174 212 212 174 158 557 557 212 569 569 569