Label=Normal
network[son<-parent]=
557<-333: 0.020100502512562814
333<-557: 0.01507537688442211
333<-333: 0.020100502512562814
517<-333: 0.005025125628140704
333<-517: 0.005025125628140704
517<-557: 0.010050251256281407
517<-517: 0.020100502512562814
557<-517: 0.010050251256281407
557<-557: 0.11557788944723618
10<-557: 0.005025125628140704
144<-10: 0.005025125628140704
517<-144: 0.005025125628140704
158<-517: 0.005025125628140704
158<-158: 0.005025125628140704

nodeInfo=(Event,position embedding)
517: 517,3
10: 10,5
557: 557,6
333: 333,38
144: 144,4
158: 158,1


Sequence Order: 333 557 333 333 333 557 333 333 333 557 333 517 333 557 517 517 517 557 517 517 517 557 557 557 557 557 557 557 557 557 557 557 557 557 557 557 557 557 557 557 557 557 557 557 557 10 144 517 158 158