Label=Normal
network[son<-parent]=
557<-158: 0.035175879396984924
557<-557: 0.06030150753768844
158<-557: 0.01507537688442211
158<-158: 0.005025125628140704
90<-557: 0.005025125628140704
90<-90: 0.005025125628140704
158<-90: 0.005025125628140704
212<-557: 0.03015075376884422
158<-212: 0.010050251256281407
557<-212: 0.020100502512562814
517<-557: 0.005025125628140704
517<-517: 0.005025125628140704
158<-517: 0.005025125628140704
212<-212: 0.02512562814070352
333<-158: 0.005025125628140704
333<-333: 0.005025125628140704
557<-333: 0.005025125628140704

nodeInfo=(Event,position embedding)
517: 517,27
557: 557,1
333: 333,15
212: 212,5
90: 90,41
158: 158,17


Sequence Order: 158 557 557 158 557 158 158 557 90 90 158 557 557 557 557 212 158 557 212 557 557 557 517 517 158 557 212 212 557 557 158 557 212 158 333 333 557 212 212 557 557 557 212 212 212 212 557 557 557 557