Label=Normal
network[son<-parent]=
96<-575: 0.010050251256281407
575<-96: 0.010050251256281407
358<-575: 0.08542713567839195
575<-358: 0.09547738693467336
270<-575: 0.010050251256281407
358<-270: 0.010050251256281407
358<-358: 0.01507537688442211
575<-575: 0.010050251256281407

nodeInfo=(Event,position embedding)
96: 96,47
270: 270,30
358: 358,2
575: 575,1


Sequence Order: 575 96 575 96 575 358 575 358 575 358 575 358 575 358 575 358 575 270 358 575 270 358 358 575 575 358 575 358 575 358 575 358 575 358 358 575 575 358 575 358 575 358 575 358 575 358 575 358 358 575