Label=Normal
network[son<-parent]=
212<-212: 0.005025125628140704
557<-212: 0.02512562814070352
557<-557: 0.15577889447236182
517<-557: 0.005025125628140704
212<-517: 0.005025125628140704
212<-557: 0.020100502512562814
333<-557: 0.005025125628140704
557<-333: 0.005025125628140704
174<-212: 0.005025125628140704
557<-174: 0.010050251256281407
174<-557: 0.005025125628140704

nodeInfo=(Event,position embedding)
517: 517,43
333: 333,33
557: 557,1
174: 174,5
212: 212,9


Sequence Order: 212 212 557 557 557 557 557 517 212 557 212 557 557 557 557 557 557 333 557 557 557 557 557 212 557 557 557 557 557 557 557 212 174 557 557 557 557 557 557 557 557 212 557 557 557 174 557 557 557 557