Label=Normal
network[son<-parent]=
557<-557: 0.04522613065326633
212<-557: 0.005025125628140704
158<-212: 0.005025125628140704
158<-158: 0.1306532663316583
557<-158: 0.01507537688442211
158<-557: 0.005025125628140704
517<-158: 0.005025125628140704
158<-517: 0.005025125628140704
90<-557: 0.005025125628140704
158<-90: 0.005025125628140704
75<-557: 0.005025125628140704
158<-75: 0.005025125628140704
333<-158: 0.005025125628140704
158<-333: 0.005025125628140704

nodeInfo=(Event,position embedding)
517: 517,26
75: 75,13
557: 557,14
333: 333,2
212: 212,43
90: 90,17
158: 158,1


Sequence Order: 557 557 557 557 557 557 557 212 158 158 158 158 158 158 158 158 158 158 158 158 158 557 557 158 517 158 158 158 158 158 158 557 557 90 158 557 557 75 158 158 158 158 158 158 158 158 158 158 333 158