Label=Normal
network[son<-parent]=
96<-575: 0.005025125628140704
575<-96: 0.005025125628140704
358<-575: 0.09045226130653267
575<-358: 0.08542713567839195
358<-358: 0.03015075376884422
575<-575: 0.03015075376884422

nodeInfo=(Event,position embedding)
96: 96,49
358: 358,1
575: 575,2


Sequence Order: 575 96 575 358 575 358 575 358 575 358 575 358 575 358 358 575 575 358 575 358 575 358 358 358 575 575 575 358 575 358 358 575 575 358 358 575 575 358 358 575 575 358 575 358 575 358 575 358 575 358