Label=Normal
network[son<-parent]=
158<-333: 0.03015075376884422
158<-158: 0.03015075376884422
333<-158: 0.035175879396984924
333<-333: 0.07035175879396985
517<-158: 0.005025125628140704
333<-517: 0.02512562814070352
517<-333: 0.03015075376884422
570<-517: 0.005025125628140704
158<-570: 0.005025125628140704
517<-517: 0.005025125628140704
158<-517: 0.005025125628140704

nodeInfo=(Event,position embedding)
517: 517,5
570: 570,31
333: 333,1
158: 158,10


Sequence Order: 333 158 158 158 158 158 333 333 158 158 517 333 333 333 517 333 333 333 517 570 158 333 333 517 517 158 333 333 158 333 158 158 333 158 333 333 517 333 333 333 158 333 333 517 333 517 333 333 333 333