Label=Normal
network[son<-parent]=
557<-557: 0.12562814070351758
333<-557: 0.01507537688442211
333<-333: 0.005025125628140704
517<-333: 0.010050251256281407
52<-517: 0.005025125628140704
557<-52: 0.005025125628140704
212<-557: 0.01507537688442211
557<-212: 0.01507537688442211
212<-212: 0.005025125628140704
333<-212: 0.005025125628140704
212<-333: 0.005025125628140704
517<-212: 0.005025125628140704
384<-517: 0.005025125628140704
212<-384: 0.005025125628140704
213<-517: 0.005025125628140704
557<-213: 0.010050251256281407
213<-333: 0.005025125628140704

nodeInfo=(Event,position embedding)
384: 384,22
517: 517,13
333: 333,5
557: 557,1
212: 212,21
52: 52,37
213: 213,4


Sequence Order: 557 557 557 557 557 557 557 557 557 557 333 333 517 52 557 557 557 557 212 557 212 212 557 557 212 333 212 517 384 212 557 557 557 557 557 557 333 517 213 557 557 557 557 557 557 333 213 557 557 557