Label=Normal
network[son<-parent]=
158<-576: 0.005025125628140704
158<-158: 0.10050251256281408
570<-158: 0.005025125628140704
158<-570: 0.005025125628140704
557<-158: 0.020100502512562814
557<-557: 0.04522613065326633
158<-557: 0.020100502512562814
517<-158: 0.005025125628140704
557<-517: 0.005025125628140704
212<-557: 0.01507537688442211
212<-212: 0.005025125628140704
557<-212: 0.01507537688442211

nodeInfo=(Event,position embedding)
576: 576,50
517: 517,22
557: 557,1
212: 212,5
570: 570,42
158: 158,16


Sequence Order: 576 158 158 158 158 158 158 158 570 158 158 158 557 557 158 557 158 158 557 557 158 158 158 158 158 158 158 158 517 557 158 158 158 158 158 557 557 557 557 212 212 557 212 557 557 212 557 557 557 557