Label=Normal
network[son<-parent]=
212<-557: 0.05025125628140704
557<-212: 0.05025125628140704
557<-557: 0.12060301507537688
212<-212: 0.01507537688442211
158<-557: 0.005025125628140704
557<-158: 0.005025125628140704

nodeInfo=(Event,position embedding)
212: 212,2
557: 557,1
158: 158,12


Sequence Order: 557 212 557 557 557 557 557 557 212 557 557 212 212 557 557 557 212 557 557 557 212 557 212 557 212 212 557 557 557 557 557 557 557 557 557 557 557 557 158 557 212 212 557 212 557 557 557 557 212 557