Label=Normal
network[son<-parent]=
569<-557: 0.010050251256281407
289<-569: 0.005025125628140704
557<-289: 0.005025125628140704
557<-557: 0.11055276381909548
517<-557: 0.010050251256281407
517<-517: 0.005025125628140704
212<-517: 0.005025125628140704
557<-212: 0.020100502512562814
212<-557: 0.01507537688442211
170<-557: 0.005025125628140704
557<-170: 0.005025125628140704
557<-517: 0.005025125628140704
213<-557: 0.01507537688442211
557<-213: 0.020100502512562814
212<-569: 0.005025125628140704
213<-212: 0.005025125628140704

nodeInfo=(Event,position embedding)
289: 289,48
517: 517,30
170: 170,35
557: 557,1
212: 212,15
213: 213,2
569: 569,23


Sequence Order: 557 569 289 557 557 557 557 517 517 212 557 557 212 557 557 170 557 557 557 557 517 557 557 557 557 213 557 569 212 557 212 557 557 557 557 212 213 557 557 557 557 557 213 557 557 557 557 557 213 557