Label=Normal
network[son<-parent]=
96<-575: 0.005025125628140704
575<-96: 0.005025125628140704
358<-575: 0.02512562814070352
575<-358: 0.06030150753768844
576<-575: 0.03015075376884422
358<-576: 0.020100502512562814
87<-576: 0.020100502512562814
358<-87: 0.01507537688442211
576<-87: 0.01507537688442211
576<-576: 0.01507537688442211
87<-575: 0.010050251256281407
87<-87: 0.01507537688442211
158<-576: 0.005025125628140704
158<-158: 0.005025125628140704

nodeInfo=(Event,position embedding)
96: 96,49
576: 576,3
358: 358,8
87: 87,4
158: 158,1
575: 575,7


Sequence Order: 575 96 575 358 575 358 575 358 575 576 358 575 576 87 358 575 576 358 575 358 575 576 87 576 576 87 576 576 358 575 358 575 576 576 358 575 576 87 358 575 87 87 358 575 87 87 87 576 158 158