Label=Normal
network[son<-parent]=
557<-557: 0.04020100502512563
212<-557: 0.020100502512562814
557<-212: 0.01507537688442211
431<-212: 0.005025125628140704
74<-431: 0.005025125628140704
123<-74: 0.005025125628140704
360<-123: 0.005025125628140704
144<-360: 0.005025125628140704
546<-144: 0.010050251256281407
144<-546: 0.04020100502512563
265<-144: 0.035175879396984924
546<-265: 0.035175879396984924
546<-546: 0.010050251256281407
144<-144: 0.010050251256281407
265<-546: 0.005025125628140704

nodeInfo=(Event,position embedding)
546: 546,2
360: 360,31
265: 265,1
74: 74,33
557: 557,36
431: 431,34
144: 144,3
212: 212,35
123: 123,32


Sequence Order: 557 557 212 557 557 212 557 557 557 557 212 557 557 557 557 212 431 74 123 360 144 546 144 265 546 144 265 546 144 265 546 144 265 546 144 265 546 144 265 546 144 265 546 546 546 144 144 144 546 265