Label=Normal
network[son<-parent]=
158<-557: 0.01507537688442211
158<-158: 0.020100502512562814
557<-158: 0.01507537688442211
557<-557: 0.05527638190954774
333<-557: 0.005025125628140704
333<-333: 0.005025125628140704
158<-333: 0.005025125628140704
570<-158: 0.005025125628140704
570<-570: 0.005025125628140704
557<-570: 0.005025125628140704
517<-557: 0.020100502512562814
517<-517: 0.01507537688442211
557<-517: 0.010050251256281407
212<-557: 0.020100502512562814
557<-212: 0.03015075376884422
212<-517: 0.010050251256281407
212<-212: 0.005025125628140704

nodeInfo=(Event,position embedding)
517: 517,3
333: 333,42
557: 557,1
212: 212,2
570: 570,32
158: 158,34


Sequence Order: 557 158 158 158 158 557 557 333 333 158 158 557 557 557 158 557 158 570 570 557 557 557 557 517 517 557 557 557 517 517 557 557 212 557 212 557 212 557 212 557 557 557 517 212 212 557 517 517 212 557