Label=Normal
network[son<-parent]=
570<-158: 0.005025125628140704
570<-570: 0.005025125628140704
158<-570: 0.005025125628140704
557<-158: 0.005025125628140704
557<-557: 0.010050251256281407
212<-557: 0.005025125628140704
212<-212: 0.010050251256281407
245<-212: 0.005025125628140704
245<-245: 0.19597989949748743

nodeInfo=(Event,position embedding)
557: 557,44
212: 212,41
245: 245,1
570: 570,48
158: 158,47


Sequence Order: 158 570 570 158 557 557 557 212 212 212 245 245 245 245 245 245 245 245 245 245 245 245 245 245 245 245 245 245 245 245 245 245 245 245 245 245 245 245 245 245 245 245 245 245 245 245 245 245 245 245