Label=Normal
network[son<-parent]=
517<-212: 0.005025125628140704
212<-517: 0.005025125628140704
557<-212: 0.01507537688442211
557<-557: 0.1507537688442211
333<-557: 0.005025125628140704
517<-333: 0.005025125628140704
557<-517: 0.010050251256281407
212<-557: 0.01507537688442211
158<-557: 0.005025125628140704
557<-158: 0.005025125628140704
212<-212: 0.005025125628140704
333<-212: 0.005025125628140704
333<-333: 0.005025125628140704
557<-333: 0.005025125628140704
517<-557: 0.005025125628140704

nodeInfo=(Event,position embedding)
517: 517,2
333: 333,10
557: 557,1
212: 212,12
158: 158,28


Sequence Order: 212 517 212 557 557 557 333 517 557 557 557 557 557 557 557 557 557 557 557 212 557 557 158 557 557 557 557 557 212 557 557 557 557 557 557 557 557 212 212 333 333 557 557 557 557 557 557 557 517 557