Label=Normal
network[son<-parent]=
302<-302: 0.1457286432160804
158<-302: 0.005025125628140704
557<-158: 0.020100502512562814
212<-557: 0.005025125628140704
535<-212: 0.005025125628140704
158<-535: 0.010050251256281407
535<-557: 0.005025125628140704
158<-158: 0.005025125628140704
333<-158: 0.005025125628140704
333<-333: 0.010050251256281407
570<-333: 0.005025125628140704
570<-570: 0.005025125628140704
158<-570: 0.005025125628140704
557<-557: 0.005025125628140704
333<-557: 0.005025125628140704
158<-333: 0.005025125628140704

nodeInfo=(Event,position embedding)
557: 557,1
302: 302,21
333: 333,3
212: 212,18
535: 535,14
570: 570,8
158: 158,2


Sequence Order: 302 302 302 302 302 302 302 302 302 302 302 302 302 302 302 302 302 302 302 302 302 302 302 302 302 302 302 302 302 302 158 557 212 535 158 557 535 158 158 333 333 570 570 158 557 557 333 333 158 557