Label=Normal
network[son<-parent]=
517<-212: 0.005025125628140704
557<-517: 0.005025125628140704
557<-557: 0.1507537688442211
174<-557: 0.02512562814070352
557<-174: 0.03015075376884422
212<-557: 0.01507537688442211
557<-212: 0.010050251256281407
174<-212: 0.005025125628140704

nodeInfo=(Event,position embedding)
557: 557,1
212: 212,10
517: 517,49
174: 174,2


Sequence Order: 212 517 557 557 557 557 174 557 557 212 557 557 557 557 557 557 174 557 557 557 557 212 557 557 557 174 557 557 557 557 557 557 557 174 557 557 557 557 557 557 212 174 557 557 557 557 557 557 174 557