Label=Normal
network[son<-parent]=
557<-557: 0.10552763819095477
333<-557: 0.010050251256281407
333<-333: 0.005025125628140704
212<-333: 0.010050251256281407
557<-212: 0.01507537688442211
212<-557: 0.01507537688442211
212<-212: 0.01507537688442211
517<-212: 0.005025125628140704
333<-517: 0.005025125628140704
557<-333: 0.010050251256281407
174<-557: 0.020100502512562814
333<-174: 0.005025125628140704
174<-174: 0.010050251256281407
557<-174: 0.01507537688442211

nodeInfo=(Event,position embedding)
517: 517,36
333: 333,22
557: 557,2
174: 174,4
212: 212,1


Sequence Order: 557 557 557 557 333 333 212 557 557 557 557 212 212 212 517 333 557 557 557 557 557 557 174 333 557 557 212 557 333 212 212 557 557 557 557 174 174 557 557 557 174 557 557 557 557 174 174 557 557 212