Label=Normal
network[son<-parent]=
569<-569: 0.035175879396984924
570<-569: 0.005025125628140704
158<-570: 0.020100502512562814
158<-158: 0.09045226130653267
570<-158: 0.020100502512562814
411<-570: 0.005025125628140704
333<-411: 0.005025125628140704
411<-333: 0.005025125628140704
411<-411: 0.005025125628140704
158<-411: 0.005025125628140704
411<-158: 0.005025125628140704
570<-411: 0.005025125628140704
333<-570: 0.005025125628140704
158<-333: 0.010050251256281407
75<-158: 0.010050251256281407
158<-75: 0.010050251256281407
333<-158: 0.005025125628140704

nodeInfo=(Event,position embedding)
75: 75,8
333: 333,11
569: 569,43
570: 570,20
411: 411,24
158: 158,1


Sequence Order: 569 569 569 569 569 569 569 569 570 158 158 570 158 570 158 158 158 158 158 158 570 411 333 411 411 158 411 570 333 158 570 158 158 158 158 158 75 158 158 333 158 158 75 158 158 158 158 158 158 158