Label=Normal
network[son<-parent]=
557<-557: 0.02512562814070352
212<-557: 0.005025125628140704
569<-212: 0.005025125628140704
569<-569: 0.06030150753768844
158<-569: 0.005025125628140704
158<-158: 0.10552763819095477
517<-158: 0.010050251256281407
158<-517: 0.005025125628140704
570<-158: 0.005025125628140704
158<-570: 0.005025125628140704
333<-517: 0.005025125628140704
158<-333: 0.005025125628140704
557<-158: 0.005025125628140704

nodeInfo=(Event,position embedding)
517: 517,8
557: 557,1
333: 333,7
212: 212,45
569: 569,32
570: 570,16
158: 158,3


Sequence Order: 557 557 557 557 557 212 569 569 569 569 569 569 569 569 569 569 569 569 569 158 158 158 158 158 158 158 158 158 158 517 158 158 158 158 570 158 158 158 158 158 158 158 517 333 158 158 158 158 557 557