Label=Normal
network[son<-parent]=
158<-120: 0.01507537688442211
557<-158: 0.010050251256281407
120<-557: 0.01507537688442211
212<-120: 0.01507537688442211
158<-212: 0.005025125628140704
212<-557: 0.005025125628140704
120<-212: 0.01507537688442211
120<-120: 0.1457286432160804
120<-158: 0.010050251256281407
557<-120: 0.010050251256281407

nodeInfo=(Event,position embedding)
120: 120,1
212: 212,10
557: 557,12
158: 158,17


Sequence Order: 120 158 557 120 212 158 557 212 120 120 120 120 120 120 120 120 120 120 120 158 120 557 120 212 120 120 120 120 120 120 120 120 120 158 120 120 120 120 557 120 212 120 120 120 120 120 120 120 120 120