Label=Normal
network[son<-parent]=
557<-212: 0.03015075376884422
557<-557: 0.1658291457286432
212<-557: 0.03015075376884422
212<-212: 0.005025125628140704
517<-212: 0.005025125628140704
517<-517: 0.005025125628140704
557<-517: 0.005025125628140704

nodeInfo=(Event,position embedding)
517: 517,24
212: 212,9
557: 557,1


Sequence Order: 212 557 557 557 557 557 557 557 212 557 212 557 557 557 557 557 557 557 212 212 557 557 557 557 212 517 517 557 557 557 557 557 557 557 212 557 557 557 557 557 557 212 557 557 557 557 557 557 557 557