Label=Normal
network[son<-parent]=
557<-557: 0.035175879396984924
212<-557: 0.005025125628140704
569<-212: 0.005025125628140704
96<-569: 0.005025125628140704
575<-96: 0.005025125628140704
158<-575: 0.005025125628140704
120<-158: 0.03015075376884422
120<-120: 0.10552763819095477
158<-120: 0.02512562814070352
158<-158: 0.010050251256281407
570<-120: 0.005025125628140704
570<-570: 0.005025125628140704
120<-570: 0.005025125628140704

nodeInfo=(Event,position embedding)
96: 96,40
557: 557,43
212: 212,42
120: 120,1
569: 569,41
570: 570,8
158: 158,15
575: 575,39


Sequence Order: 557 557 557 557 557 557 557 557 212 569 96 575 158 120 120 120 120 120 120 158 120 120 158 158 158 120 120 158 120 158 120 120 120 120 120 158 120 120 120 120 120 570 570 120 120 120 120 120 120 120