Label=Normal
network[son<-parent]=
462<-546: 0.005025125628140704
265<-462: 0.005025125628140704
315<-265: 0.005025125628140704
315<-315: 0.20603015075376885
432<-315: 0.005025125628140704
432<-432: 0.005025125628140704
375<-432: 0.010050251256281407
432<-375: 0.005025125628140704

nodeInfo=(Event,position embedding)
546: 546,50
265: 265,48
462: 462,49
432: 432,2
375: 375,1
315: 315,6


Sequence Order: 546 462 265 315 315 315 315 315 315 315 315 315 315 315 315 315 315 315 315 315 315 315 315 315 315 315 315 315 315 315 315 315 315 315 315 315 315 315 315 315 315 315 315 315 315 432 432 375 432 375