Label=Normal
network[son<-parent]=
517<-517: 0.020100502512562814
570<-517: 0.005025125628140704
570<-570: 0.005025125628140704
557<-570: 0.005025125628140704
557<-557: 0.09045226130653267
158<-557: 0.010050251256281407
517<-158: 0.005025125628140704
158<-517: 0.005025125628140704
557<-158: 0.010050251256281407
212<-557: 0.01507537688442211
557<-212: 0.010050251256281407
333<-557: 0.010050251256281407
333<-333: 0.01507537688442211
557<-333: 0.01507537688442211
333<-212: 0.005025125628140704
517<-557: 0.010050251256281407
557<-517: 0.010050251256281407

nodeInfo=(Event,position embedding)
517: 517,16
557: 557,1
333: 333,25
212: 212,2
570: 570,45
158: 158,28


Sequence Order: 517 517 517 517 570 570 557 557 158 517 158 557 212 557 333 333 557 557 212 333 333 557 158 557 333 333 557 557 557 517 517 557 557 557 517 557 557 557 557 557 557 557 557 557 557 557 557 557 212 557