Label=Normal
network[son<-parent]=
235<-235: 0.035175879396984924
352<-235: 0.005025125628140704
352<-352: 0.11055276381909548
532<-352: 0.005025125628140704
88<-532: 0.005025125628140704
352<-88: 0.005025125628140704
65<-352: 0.005025125628140704
158<-65: 0.005025125628140704
104<-158: 0.010050251256281407
104<-104: 0.035175879396984924
557<-104: 0.005025125628140704
104<-557: 0.005025125628140704
158<-104: 0.010050251256281407
535<-158: 0.005025125628140704

nodeInfo=(Event,position embedding)
352: 352,17
65: 65,16
104: 104,3
235: 235,43
557: 557,12
532: 532,34
535: 535,1
88: 88,33
158: 158,2


Sequence Order: 235 235 235 235 235 235 235 235 352 352 352 352 352 352 352 352 532 88 352 352 352 352 352 352 352 352 352 352 352 352 352 352 352 352 65 158 104 104 557 104 104 158 104 104 104 104 104 104 158 535