Label=Normal
network[son<-parent]=
212<-557: 0.005025125628140704
557<-212: 0.005025125628140704
333<-557: 0.010050251256281407
557<-333: 0.010050251256281407
557<-557: 0.1407035175879397
411<-557: 0.005025125628140704
174<-411: 0.005025125628140704
557<-174: 0.035175879396984924
174<-557: 0.03015075376884422

nodeInfo=(Event,position embedding)
333: 333,44
557: 557,1
174: 174,21
212: 212,49
411: 411,40


Sequence Order: 557 212 557 333 557 557 333 557 557 557 411 174 557 557 174 557 174 557 557 557 557 174 557 174 557 174 557 557 557 174 557 557 557 557 557 557 557 557 557 557 557 557 557 557 557 557 557 557 557 557