Label=Normal
network[son<-parent]=
212<-557: 0.005025125628140704
576<-212: 0.005025125628140704
576<-576: 0.020100502512562814
120<-576: 0.005025125628140704
158<-120: 0.035175879396984924
120<-158: 0.03015075376884422
120<-120: 0.10050251256281408
158<-158: 0.01507537688442211
517<-120: 0.005025125628140704
517<-517: 0.005025125628140704
120<-517: 0.005025125628140704
570<-158: 0.005025125628140704
570<-570: 0.005025125628140704
120<-570: 0.005025125628140704

nodeInfo=(Event,position embedding)
576: 576,44
517: 517,10
557: 557,50
212: 212,49
120: 120,1
570: 570,5
158: 158,2


Sequence Order: 557 212 576 576 576 576 576 120 158 120 120 158 120 120 158 158 120 120 120 120 120 120 120 158 120 120 120 120 120 120 120 120 120 158 158 120 120 120 120 517 517 120 158 158 570 570 120 120 158 120