Label=Normal
network[son<-parent]=
158<-158: 0.020100502512562814
120<-158: 0.04020100502512563
517<-120: 0.01507537688442211
517<-517: 0.010050251256281407
120<-517: 0.005025125628140704
120<-120: 0.08040201005025126
158<-120: 0.04020100502512563
557<-158: 0.005025125628140704
120<-557: 0.005025125628140704
333<-517: 0.005025125628140704
120<-333: 0.005025125628140704
570<-517: 0.005025125628140704
570<-570: 0.005025125628140704
120<-570: 0.005025125628140704

nodeInfo=(Event,position embedding)
517: 517,4
557: 557,13
333: 333,9
120: 120,1
570: 570,2
158: 158,14


Sequence Order: 158 158 120 517 517 120 120 120 158 120 120 158 158 120 120 120 158 120 120 120 120 158 120 158 120 120 120 120 158 120 120 158 158 120 120 158 158 557 120 120 517 333 120 120 120 517 517 570 570 120