Label=Normal
network[son<-parent]=
557<-557: 0.08542713567839195
212<-557: 0.05025125628140704
557<-212: 0.05025125628140704
212<-212: 0.035175879396984924
517<-212: 0.005025125628140704
517<-517: 0.005025125628140704
557<-517: 0.005025125628140704
517<-557: 0.005025125628140704
212<-517: 0.005025125628140704

nodeInfo=(Event,position embedding)
517: 517,20
212: 212,3
557: 557,1


Sequence Order: 557 557 212 557 557 212 212 212 212 557 212 557 212 212 557 557 557 212 212 517 517 557 557 557 212 212 557 557 557 557 517 212 212 557 557 557 212 557 557 557 212 557 557 557 557 212 557 212 557 557