Label=Normal
network[son<-parent]=
120<-158: 0.035175879396984924
158<-120: 0.035175879396984924
158<-158: 0.005025125628140704
120<-120: 0.10552763819095477
333<-120: 0.005025125628140704
333<-333: 0.005025125628140704
517<-333: 0.005025125628140704
517<-517: 0.01507537688442211
120<-517: 0.005025125628140704
570<-158: 0.005025125628140704
570<-570: 0.005025125628140704
120<-570: 0.005025125628140704
517<-120: 0.005025125628140704
333<-517: 0.005025125628140704
120<-333: 0.005025125628140704

nodeInfo=(Event,position embedding)
517: 517,7
333: 333,6
120: 120,1
570: 570,30
158: 158,3


Sequence Order: 158 120 158 120 158 158 120 158 120 120 120 333 333 517 517 517 517 120 158 570 570 120 120 120 120 120 120 120 120 120 120 120 158 120 120 120 120 120 120 120 158 120 120 517 333 120 120 158 120 120