Label=Normal
network[son<-parent]=
557<-212: 0.06030150753768844
212<-557: 0.06030150753768844
333<-557: 0.005025125628140704
333<-333: 0.005025125628140704
212<-333: 0.005025125628140704
517<-212: 0.010050251256281407
212<-517: 0.005025125628140704
212<-212: 0.02512562814070352
557<-557: 0.06030150753768844
517<-517: 0.005025125628140704
557<-517: 0.005025125628140704

nodeInfo=(Event,position embedding)
333: 333,45
517: 517,8
212: 212,1
557: 557,4


Sequence Order: 212 557 212 557 333 333 212 557 212 517 212 557 212 557 212 212 212 212 557 557 212 557 557 557 557 212 557 557 557 212 557 212 557 557 557 212 557 557 557 557 212 517 517 557 212 557 557 212 212 212