Label=Normal
network[son<-parent]=
517<-517: 0.005025125628140704
557<-517: 0.005025125628140704
557<-557: 0.09547738693467336
212<-557: 0.05025125628140704
212<-212: 0.04522613065326633
557<-212: 0.04522613065326633

nodeInfo=(Event,position embedding)
557: 557,3
212: 212,1
517: 517,49


Sequence Order: 517 517 557 557 557 557 557 557 557 557 557 557 557 557 557 212 212 557 212 212 557 212 212 557 557 212 212 557 212 212 212 557 557 557 557 212 557 212 557 212 212 557 557 557 557 212 212 557 212 212