Label=Normal
network[son<-parent]=
557<-90: 0.005025125628140704
75<-557: 0.005025125628140704
557<-75: 0.005025125628140704
517<-557: 0.005025125628140704
557<-517: 0.005025125628140704
158<-557: 0.005025125628140704
158<-158: 0.005025125628140704
212<-158: 0.005025125628140704
212<-212: 0.01507537688442211
557<-212: 0.010050251256281407
557<-557: 0.15577889447236182
212<-557: 0.01507537688442211
158<-212: 0.005025125628140704
557<-158: 0.005025125628140704

nodeInfo=(Event,position embedding)
517: 517,46
75: 75,48
557: 557,2
212: 212,1
90: 90,50
158: 158,13


Sequence Order: 90 557 75 557 517 557 158 158 212 212 212 212 557 557 557 557 557 557 557 557 557 557 557 557 557 557 212 557 557 557 557 557 557 557 557 557 212 158 557 557 557 557 557 557 557 557 557 557 557 212