Label=Normal
network[son<-parent]=
517<-333: 0.005025125628140704
517<-517: 0.005025125628140704
557<-517: 0.005025125628140704
557<-557: 0.09547738693467336
212<-557: 0.04522613065326633
557<-212: 0.04522613065326633
212<-212: 0.035175879396984924
158<-557: 0.005025125628140704
557<-158: 0.005025125628140704

nodeInfo=(Event,position embedding)
517: 517,48
557: 557,1
333: 333,50
212: 212,2
158: 158,20


Sequence Order: 333 517 517 557 557 557 557 557 557 557 212 557 212 212 212 557 557 557 557 212 212 212 557 557 212 212 557 557 557 557 158 557 557 212 557 212 557 212 212 557 557 557 212 557 557 557 557 212 212 557