Label=Normal
network[son<-parent]=
517<-557: 0.005025125628140704
517<-517: 0.005025125628140704
557<-517: 0.005025125628140704
557<-557: 0.10050251256281408
212<-557: 0.04020100502512563
212<-212: 0.035175879396984924
557<-212: 0.04522613065326633
158<-557: 0.005025125628140704
212<-158: 0.005025125628140704

nodeInfo=(Event,position embedding)
517: 517,48
212: 212,6
557: 557,1
158: 158,9


Sequence Order: 557 517 517 557 557 557 557 557 212 212 212 557 557 212 212 557 212 212 557 557 557 212 557 557 212 212 212 557 557 212 212 557 557 557 557 212 557 557 557 557 557 158 212 557 212 557 557 557 557 557