Label=Normal
network[son<-parent]=
557<-158: 0.010050251256281407
557<-557: 0.08542713567839195
158<-557: 0.005025125628140704
158<-158: 0.005025125628140704
570<-158: 0.005025125628140704
570<-570: 0.005025125628140704
158<-570: 0.005025125628140704
212<-557: 0.03015075376884422
557<-212: 0.02512562814070352
333<-557: 0.010050251256281407
333<-333: 0.010050251256281407
212<-333: 0.005025125628140704
212<-212: 0.010050251256281407
517<-212: 0.005025125628140704
557<-517: 0.01507537688442211
517<-557: 0.005025125628140704
517<-517: 0.005025125628140704
517<-333: 0.005025125628140704

nodeInfo=(Event,position embedding)
517: 517,12
333: 333,13
557: 557,3
212: 212,1
570: 570,43
158: 158,42


Sequence Order: 158 557 557 557 158 158 570 570 158 557 557 557 212 557 557 212 557 557 333 333 212 212 557 212 517 557 517 517 557 557 557 557 557 557 557 557 333 333 517 557 557 212 557 557 557 557 212 557 212 212