Label=Normal
network[son<-parent]=
158<-557: 0.035175879396984924
517<-158: 0.010050251256281407
158<-517: 0.010050251256281407
557<-158: 0.035175879396984924
557<-557: 0.020100502512562814
517<-517: 0.010050251256281407
158<-158: 0.04020100502512563
333<-557: 0.005025125628140704
158<-333: 0.010050251256281407
570<-158: 0.01507537688442211
570<-570: 0.01507537688442211
158<-570: 0.01507537688442211
333<-158: 0.005025125628140704
333<-333: 0.010050251256281407
517<-333: 0.005025125628140704
333<-517: 0.005025125628140704

nodeInfo=(Event,position embedding)
517: 517,20
333: 333,18
557: 557,2
570: 570,4
158: 158,1


Sequence Order: 557 158 517 158 557 158 557 557 158 517 517 158 158 158 557 333 158 557 158 158 158 570 570 158 158 158 158 333 333 517 517 333 333 158 570 570 158 557 557 557 158 557 557 158 158 570 570 158 557 158