Label=Normal
network[son<-parent]=
315<-265: 0.005025125628140704
315<-315: 0.01507537688442211
287<-315: 0.005025125628140704
546<-287: 0.005025125628140704
546<-546: 0.035175879396984924
462<-546: 0.035175879396984924
546<-462: 0.005025125628140704
265<-546: 0.005025125628140704
462<-265: 0.020100502512562814
265<-462: 0.04522613065326633
462<-462: 0.020100502512562814
265<-265: 0.010050251256281407
546<-265: 0.020100502512562814
500<-265: 0.010050251256281407
546<-500: 0.010050251256281407

nodeInfo=(Event,position embedding)
546: 546,4
265: 265,7
462: 462,1
500: 500,10
315: 315,46
287: 287,45


Sequence Order: 265 315 315 315 315 287 546 546 462 546 546 265 462 265 462 462 265 265 546 462 265 500 546 546 546 462 462 265 462 265 265 546 462 265 546 546 462 265 462 265 500 546 462 265 546 546 546 462 462 462