Label=Normal
network[son<-parent]=
315<-315: 0.01507537688442211
546<-315: 0.005025125628140704
462<-546: 0.035175879396984924
265<-462: 0.03015075376884422
546<-265: 0.020100502512562814
546<-546: 0.02512562814070352
546<-462: 0.03015075376884422
462<-265: 0.03015075376884422
265<-546: 0.020100502512562814
265<-265: 0.020100502512562814
462<-462: 0.01507537688442211

nodeInfo=(Event,position embedding)
265: 265,2
546: 546,9
315: 315,47
462: 462,1


Sequence Order: 315 315 315 315 546 462 265 546 546 546 462 546 462 265 462 546 265 462 265 265 546 462 546 265 546 462 462 265 265 546 546 546 462 546 546 265 462 462 462 546 462 546 265 462 265 265 265 462 265 462