Label=Normal
network[son<-parent]=
212<-557: 0.010050251256281407
557<-212: 0.005025125628140704
557<-557: 0.21105527638190955
96<-212: 0.005025125628140704
575<-96: 0.010050251256281407
96<-575: 0.005025125628140704

nodeInfo=(Event,position embedding)
96: 96,2
212: 212,5
557: 557,6
575: 575,1


Sequence Order: 557 212 557 557 557 557 557 557 557 557 557 557 557 557 557 557 557 557 557 557 557 557 557 557 557 557 557 557 557 557 557 557 557 557 557 557 557 557 557 557 557 557 557 557 557 212 96 575 96 575