Label=Normal
network[son<-parent]=
557<-557: 0.07537688442211055
212<-557: 0.01507537688442211
333<-212: 0.005025125628140704
517<-333: 0.005025125628140704
517<-517: 0.01507537688442211
235<-517: 0.005025125628140704
235<-235: 0.07537688442211055
158<-235: 0.005025125628140704
158<-158: 0.010050251256281407
557<-158: 0.005025125628140704
212<-212: 0.005025125628140704
557<-212: 0.005025125628140704
576<-212: 0.005025125628140704
158<-576: 0.005025125628140704
333<-158: 0.005025125628140704
333<-333: 0.005025125628140704

nodeInfo=(Event,position embedding)
576: 576,4
517: 517,34
235: 235,18
333: 333,1
557: 557,6
212: 212,5
158: 158,3


Sequence Order: 557 557 557 557 557 557 557 557 557 557 557 212 333 517 517 517 517 235 235 235 235 235 235 235 235 235 235 235 235 235 235 235 235 158 158 158 557 557 557 557 557 212 212 557 557 212 576 158 333 333