Label=Anomalous
network[son<-parent]=
367<-562: 0.005025125628140704
367<-367: 0.07035175879396985
541<-367: 0.005025125628140704
362<-541: 0.005025125628140704
2<-362: 0.005025125628140704
2<-2: 0.06030150753768844
190<-2: 0.005025125628140704
190<-190: 0.07537688442211055
195<-190: 0.005025125628140704
195<-195: 0.010050251256281407

nodeInfo=(Event,position embedding)
2: 2,20
195: 195,1
362: 362,33
367: 367,35
562: 562,50
541: 541,34
190: 190,4


Sequence Order: 562 367 367 367 367 367 367 367 367 367 367 367 367 367 367 367 541 362 2 2 2 2 2 2 2 2 2 2 2 2 2 190 190 190 190 190 190 190 190 190 190 190 190 190 190 190 190 195 195 195