Label=Anomalous
network[son<-parent]=
579<-568: 0.07537688442211055
568<-579: 0.07537688442211055
293<-568: 0.005025125628140704
293<-293: 0.005025125628140704
546<-293: 0.005025125628140704
462<-546: 0.005025125628140704
265<-462: 0.005025125628140704
307<-265: 0.005025125628140704
161<-307: 0.005025125628140704
293<-161: 0.005025125628140704
579<-293: 0.005025125628140704
307<-579: 0.02512562814070352
579<-307: 0.02512562814070352

nodeInfo=(Event,position embedding)
161: 161,13
546: 546,17
579: 579,1
293: 293,12
265: 265,15
462: 462,16
307: 307,2
568: 568,20


Sequence Order: 568 579 568 579 568 579 568 579 568 579 568 579 568 579 568 579 568 579 568 579 568 579 568 579 568 579 568 579 568 579 568 293 293 546 462 265 307 161 293 579 307 579 307 579 307 579 307 579 307 579