Label=Normal
network[son<-parent]=
568<-579: 0.11055276381909548
579<-568: 0.11055276381909548
546<-579: 0.005025125628140704
568<-546: 0.005025125628140704
462<-568: 0.005025125628140704
265<-462: 0.005025125628140704
579<-265: 0.005025125628140704

nodeInfo=(Event,position embedding)
546: 546,17
579: 579,1
265: 265,14
462: 462,15
568: 568,2


Sequence Order: 579 568 579 568 579 568 579 568 579 568 579 568 579 568 579 568 579 568 579 568 579 568 579 568 579 568 579 568 579 568 579 568 579 546 568 462 265 579 568 579 568 579 568 579 568 579 568 579 568 579