Label=Anomalous
network[son<-parent]=
568<-579: 0.005025125628140704
161<-568: 0.005025125628140704
293<-161: 0.07035175879396985
161<-293: 0.07035175879396985
293<-293: 0.08040201005025126
161<-161: 0.01507537688442211

nodeInfo=(Event,position embedding)
568: 568,49
161: 161,1
579: 579,50
293: 293,2


Sequence Order: 579 568 161 293 161 293 293 293 293 293 293 293 161 293 161 293 161 293 293 293 161 293 293 293 293 293 293 293 293 293 161 293 161 161 293 161 161 293 161 161 293 161 293 161 293 161 293 161 293 161