Label=Anomalous
network[son<-parent]=
456<-354: 0.035175879396984924
557<-456: 0.035175879396984924
557<-557: 0.12060301507537688
354<-557: 0.035175879396984924
10<-354: 0.005025125628140704
20<-10: 0.005025125628140704
20<-20: 0.010050251256281407

nodeInfo=(Event,position embedding)
354: 354,5
456: 456,7
10: 10,4
557: 557,6
20: 20,1


Sequence Order: 354 456 557 557 557 354 456 557 354 456 557 557 557 557 557 557 557 557 557 557 557 557 557 557 557 557 557 557 557 557 557 557 557 354 456 557 354 456 557 354 456 557 354 456 557 354 10 20 20 20