Label=Anomalous
network[son<-parent]=
293<-293: 0.005025125628140704
161<-293: 0.010050251256281407
293<-161: 0.005025125628140704
204<-161: 0.05527638190954774
161<-204: 0.05527638190954774
204<-204: 0.11055276381909548
161<-161: 0.005025125628140704

nodeInfo=(Event,position embedding)
161: 161,1
204: 204,2
293: 293,47


Sequence Order: 293 293 161 293 161 204 161 204 204 161 204 204 161 204 204 204 204 204 161 204 204 204 204 204 204 204 161 204 204 161 204 204 204 204 161 204 161 161 204 204 204 204 161 204 204 204 204 161 204 161