Label=Normal
network[son<-parent]=
579<-579: 0.035175879396984924
470<-579: 0.005025125628140704
470<-470: 0.010050251256281407
456<-470: 0.005025125628140704
557<-456: 0.035175879396984924
557<-557: 0.07035175879396985
354<-557: 0.03015075376884422
456<-354: 0.020100502512562814
579<-354: 0.005025125628140704
456<-579: 0.005025125628140704
470<-354: 0.005025125628140704
576<-470: 0.005025125628140704
576<-576: 0.005025125628140704
456<-576: 0.005025125628140704

nodeInfo=(Event,position embedding)
576: 576,21
354: 354,10
579: 579,31
456: 456,9
557: 557,1
470: 470,23


Sequence Order: 579 579 579 579 470 470 456 557 557 354 456 557 557 354 579 579 579 579 579 456 557 354 456 557 354 470 470 576 576 456 557 557 557 557 557 354 456 557 557 354 456 557 557 557 557 557 557 557 557