Label=Normal
network[son<-parent]=
445<-445: 0.005025125628140704
223<-445: 0.005025125628140704
223<-223: 0.1457286432160804
348<-223: 0.020100502512562814
223<-348: 0.010050251256281407
474<-348: 0.010050251256281407
223<-474: 0.010050251256281407
529<-223: 0.005025125628140704
529<-529: 0.035175879396984924

nodeInfo=(Event,position embedding)
529: 529,1
474: 474,12
348: 348,13
445: 445,49
223: 223,9


Sequence Order: 445 445 223 223 223 223 223 223 223 223 223 223 223 223 348 223 223 223 223 223 223 348 474 223 223 223 223 223 348 223 223 223 223 223 223 223 223 348 474 223 223 223 529 529 529 529 529 529 529 529