Label=Normal
network[son<-parent]=
113<-113: 0.035175879396984924
99<-113: 0.005025125628140704
99<-99: 0.035175879396984924
291<-99: 0.005025125628140704
291<-291: 0.035175879396984924
476<-291: 0.005025125628140704
476<-476: 0.03015075376884422
215<-476: 0.005025125628140704
215<-215: 0.03015075376884422
496<-215: 0.005025125628140704
496<-496: 0.020100502512562814
251<-496: 0.005025125628140704
251<-251: 0.020100502512562814
229<-251: 0.005025125628140704
229<-229: 0.005025125628140704

nodeInfo=(Event,position embedding)
99: 99,35
291: 291,27
229: 229,1
496: 496,8
113: 113,43
215: 215,13
251: 251,3
476: 476,20


Sequence Order: 113 113 113 113 113 113 113 113 99 99 99 99 99 99 99 99 291 291 291 291 291 291 291 291 476 476 476 476 476 476 476 215 215 215 215 215 215 215 496 496 496 496 496 251 251 251 251 251 229 229