Label=Normal
network[son<-parent]=
18<-18: 0.04020100502512563
333<-18: 0.005025125628140704
158<-333: 0.005025125628140704
158<-158: 0.01507537688442211
517<-158: 0.005025125628140704
517<-517: 0.04522613065326633
333<-517: 0.020100502512562814
557<-333: 0.005025125628140704
557<-557: 0.01507537688442211
517<-557: 0.005025125628140704
212<-333: 0.005025125628140704
212<-212: 0.01507537688442211
333<-212: 0.005025125628140704
333<-333: 0.03015075376884422
517<-333: 0.01507537688442211
158<-517: 0.005025125628140704
557<-158: 0.005025125628140704
212<-557: 0.005025125628140704

nodeInfo=(Event,position embedding)
517: 517,7
557: 557,3
333: 333,11
18: 18,42
212: 212,1
158: 158,5


Sequence Order: 18 18 18 18 18 18 18 18 18 333 158 158 158 517 517 333 557 557 557 517 517 333 212 212 212 333 333 333 333 333 517 517 517 517 333 333 517 517 333 333 517 517 517 517 158 158 557 557 212 212