Label=Normal
network[son<-parent]=
158<-158: 0.09045226130653267
333<-158: 0.010050251256281407
333<-333: 0.010050251256281407
517<-333: 0.005025125628140704
517<-517: 0.01507537688442211
158<-517: 0.010050251256281407
294<-158: 0.005025125628140704
570<-294: 0.005025125628140704
570<-570: 0.02512562814070352
557<-570: 0.01507537688442211
557<-557: 0.01507537688442211
570<-557: 0.005025125628140704
158<-557: 0.01507537688442211
158<-333: 0.005025125628140704
517<-158: 0.005025125628140704
570<-158: 0.005025125628140704
557<-158: 0.005025125628140704

nodeInfo=(Event,position embedding)
517: 517,21
294: 294,43
333: 333,29
557: 557,7
570: 570,18
158: 158,1


Sequence Order: 158 158 333 333 517 517 158 294 570 570 570 570 557 557 570 570 557 158 158 158 333 333 158 158 158 158 158 517 517 517 158 570 570 557 557 158 158 158 158 158 158 158 557 557 158 158 158 158 158 158