Label=Normal
network[son<-parent]=
557<-557: 0.10552763819095477
333<-557: 0.010050251256281407
333<-333: 0.010050251256281407
557<-333: 0.010050251256281407
212<-557: 0.035175879396984924
557<-212: 0.02512562814070352
212<-212: 0.010050251256281407
517<-212: 0.005025125628140704
517<-517: 0.010050251256281407
557<-517: 0.005025125628140704
259<-212: 0.005025125628140704
557<-259: 0.005025125628140704
517<-557: 0.005025125628140704
212<-517: 0.005025125628140704

nodeInfo=(Event,position embedding)
259: 259,20
517: 517,16
333: 333,32
557: 557,3
212: 212,1


Sequence Order: 557 557 557 557 557 557 557 557 557 557 557 557 333 333 557 557 557 333 333 557 557 557 212 557 212 212 517 517 557 212 259 557 557 517 517 212 557 212 557 212 557 557 212 557 557 557 557 557 212 212