Label=Normal
network[son<-parent]=
333<-333: 0.010050251256281407
158<-333: 0.010050251256281407
158<-158: 0.020100502512562814
570<-158: 0.005025125628140704
570<-570: 0.010050251256281407
158<-570: 0.005025125628140704
3<-158: 0.005025125628140704
158<-3: 0.005025125628140704
557<-158: 0.01507537688442211
557<-557: 0.10050251256281408
279<-557: 0.005025125628140704
158<-279: 0.005025125628140704
333<-557: 0.005025125628140704
174<-557: 0.010050251256281407
174<-174: 0.01507537688442211
557<-174: 0.010050251256281407
570<-557: 0.005025125628140704
557<-570: 0.005025125628140704

nodeInfo=(Event,position embedding)
3: 3,42
557: 557,1
333: 333,29
174: 174,17
279: 279,34
570: 570,5
158: 158,28


Sequence Order: 333 333 158 158 570 570 158 158 3 158 158 158 557 557 557 557 279 158 557 557 333 333 158 557 557 557 557 557 174 174 174 557 174 174 557 557 557 557 557 557 557 557 557 557 570 570 557 557 557 557