Label=Normal
network[son<-parent]=
557<-557: 0.08040201005025126
52<-557: 0.005025125628140704
557<-52: 0.005025125628140704
212<-557: 0.035175879396984924
212<-212: 0.020100502512562814
517<-212: 0.005025125628140704
557<-517: 0.010050251256281407
557<-212: 0.035175879396984924
517<-557: 0.005025125628140704
517<-517: 0.005025125628140704
384<-557: 0.005025125628140704
557<-384: 0.005025125628140704
213<-557: 0.010050251256281407
557<-213: 0.005025125628140704
212<-213: 0.005025125628140704
357<-557: 0.005025125628140704
557<-357: 0.005025125628140704

nodeInfo=(Event,position embedding)
384: 384,28
517: 517,34
357: 357,3
557: 557,1
212: 212,8
52: 52,48
213: 213,9


Sequence Order: 557 557 52 557 557 212 212 212 212 517 557 212 557 212 557 517 517 557 557 557 212 557 384 557 212 557 557 557 557 557 557 557 213 557 212 557 212 212 557 557 557 213 212 557 557 557 557 357 557 557