Label=Anomalous
network[son<-parent]=
161<-20: 0.010050251256281407
20<-161: 0.010050251256281407
20<-20: 0.020100502512562814
94<-20: 0.005025125628140704
470<-94: 0.005025125628140704
456<-470: 0.005025125628140704
144<-456: 0.020100502512562814
354<-144: 0.020100502512562814
456<-354: 0.01507537688442211
224<-354: 0.005025125628140704
224<-224: 0.1306532663316583

nodeInfo=(Event,position embedding)
224: 224,1
161: 161,44
354: 354,28
456: 456,30
144: 144,29
20: 20,42
470: 470,40
94: 94,41


Sequence Order: 20 161 20 20 20 20 161 20 20 94 470 456 144 354 456 144 354 456 144 354 456 144 354 224 224 224 224 224 224 224 224 224 224 224 224 224 224 224 224 224 224 224 224 224 224 224 224 224 224 224