Label=Anomalous
network[son<-parent]=
161<-161: 0.11557788944723618
470<-161: 0.005025125628140704
527<-470: 0.005025125628140704
470<-527: 0.005025125628140704
307<-470: 0.010050251256281407
144<-307: 0.020100502512562814
354<-144: 0.020100502512562814
307<-354: 0.01507537688442211
307<-307: 0.01507537688442211
470<-354: 0.005025125628140704
470<-307: 0.005025125628140704
224<-470: 0.005025125628140704
224<-224: 0.020100502512562814

nodeInfo=(Event,position embedding)
224: 224,1
161: 161,27
354: 354,8
527: 527,25
144: 144,9
307: 307,7
470: 470,6


Sequence Order: 161 161 161 161 161 161 161 161 161 161 161 161 161 161 161 161 161 161 161 161 161 161 161 161 470 527 470 307 144 354 307 307 307 307 144 354 307 144 354 470 307 144 354 307 470 224 224 224 224 224