Label=Normal
network[son<-parent]=
161<-161: 0.05527638190954774
470<-161: 0.005025125628140704
456<-470: 0.005025125628140704
144<-456: 0.02512562814070352
354<-144: 0.02512562814070352
456<-354: 0.020100502512562814
144<-144: 0.07035175879396985
470<-354: 0.005025125628140704
470<-470: 0.005025125628140704
579<-470: 0.005025125628140704
307<-579: 0.010050251256281407
307<-307: 0.005025125628140704
579<-307: 0.005025125628140704
144<-307: 0.005025125628140704

nodeInfo=(Event,position embedding)
161: 161,39
354: 354,13
579: 579,7
456: 456,25
144: 144,1
307: 307,6
470: 470,11


Sequence Order: 161 161 161 161 161 161 161 161 161 161 161 161 470 456 144 354 456 144 354 456 144 354 456 144 354 456 144 144 144 144 144 144 144 144 144 144 144 354 470 470 579 307 307 579 307 144 144 144 144 144