Label=Normal
network[son<-parent]=
557<-557: 0.10050251256281408
354<-557: 0.010050251256281407
195<-354: 0.005025125628140704
119<-195: 0.005025125628140704
119<-119: 0.08040201005025126
579<-119: 0.005025125628140704
456<-579: 0.005025125628140704
557<-456: 0.005025125628140704
307<-354: 0.005025125628140704
307<-307: 0.010050251256281407
557<-307: 0.005025125628140704
119<-557: 0.005025125628140704
557<-119: 0.005025125628140704

nodeInfo=(Event,position embedding)
354: 354,18
579: 579,21
195: 195,39
456: 456,20
557: 557,1
307: 307,15
119: 119,10


Sequence Order: 557 557 557 557 557 557 557 557 557 557 354 195 119 119 119 119 119 119 119 119 119 119 119 119 119 119 119 119 119 579 456 557 354 307 307 307 557 557 557 557 119 557 557 557 557 557 557 557 557 557