Label=Normal
network[son<-parent]=
579<-579: 0.010050251256281407
456<-579: 0.005025125628140704
557<-456: 0.005025125628140704
307<-557: 0.010050251256281407
354<-307: 0.005025125628140704
307<-354: 0.020100502512562814
307<-307: 0.04020100502512563
557<-307: 0.03015075376884422
354<-557: 0.020100502512562814
557<-557: 0.05025125628140704
579<-354: 0.010050251256281407
307<-579: 0.010050251256281407
579<-557: 0.010050251256281407
354<-579: 0.005025125628140704
579<-307: 0.005025125628140704
557<-579: 0.010050251256281407

nodeInfo=(Event,position embedding)
354: 354,15
579: 579,2
456: 456,47
557: 557,1
307: 307,4


Sequence Order: 579 579 579 456 557 307 354 307 307 307 557 354 307 307 557 557 557 557 354 307 307 557 354 579 307 307 307 557 557 354 579 307 307 557 579 354 307 307 579 557 557 557 557 557 557 557 307 557 579 557