Label=Normal
network[son<-parent]=
207<-207: 0.005025125628140704
456<-207: 0.005025125628140704
557<-456: 0.005025125628140704
557<-557: 0.010050251256281407
354<-557: 0.005025125628140704
119<-354: 0.005025125628140704
119<-119: 0.1708542713567839
307<-119: 0.010050251256281407
579<-307: 0.010050251256281407
307<-579: 0.005025125628140704
307<-307: 0.010050251256281407
119<-579: 0.005025125628140704

nodeInfo=(Event,position embedding)
354: 354,44
579: 579,15
456: 456,48
557: 557,45
207: 207,49
307: 307,1
119: 119,2


Sequence Order: 207 207 456 557 557 557 354 119 119 119 119 119 119 119 119 119 119 119 119 119 119 119 119 119 119 119 119 119 119 119 307 579 307 307 307 579 119 119 119 119 119 119 119 119 119 119 119 119 119 307