Label=Normal
network[son<-parent]=
161<-161: 0.10552763819095477
534<-161: 0.005025125628140704
534<-534: 0.01507537688442211
527<-534: 0.005025125628140704
527<-527: 0.010050251256281407
534<-527: 0.005025125628140704
307<-534: 0.010050251256281407
144<-307: 0.010050251256281407
144<-144: 0.01507537688442211
354<-144: 0.010050251256281407
307<-354: 0.010050251256281407
307<-307: 0.035175879396984924
534<-307: 0.010050251256281407

nodeInfo=(Event,position embedding)
161: 161,29
354: 354,10
527: 527,24
144: 144,11
307: 307,2
534: 534,1


Sequence Order: 161 161 161 161 161 161 161 161 161 161 161 161 161 161 161 161 161 161 161 161 161 161 534 534 527 527 527 534 534 307 144 144 144 144 354 307 307 307 307 144 354 307 534 534 307 307 307 307 307 534