Label=Normal
network[son<-parent]=
300<-259: 0.005025125628140704
170<-300: 0.005025125628140704
213<-170: 0.005025125628140704
213<-213: 0.1306532663316583
357<-213: 0.010050251256281407
213<-357: 0.010050251256281407
483<-213: 0.005025125628140704
213<-483: 0.005025125628140704
88<-213: 0.005025125628140704
88<-88: 0.005025125628140704
213<-88: 0.005025125628140704
415<-213: 0.005025125628140704
80<-415: 0.005025125628140704
213<-80: 0.005025125628140704
105<-213: 0.005025125628140704
105<-105: 0.035175879396984924

nodeInfo=(Event,position embedding)
259: 259,50
483: 483,34
357: 357,37
105: 105,1
170: 170,48
300: 300,49
80: 80,11
213: 213,9
88: 88,29
415: 415,12


Sequence Order: 259 300 170 213 213 213 213 213 213 213 357 213 213 357 213 213 483 213 213 213 88 88 213 213 213 213 213 213 213 213 213 213 213 213 213 213 213 213 415 80 213 213 105 105 105 105 105 105 105 105