Label=Anomalous
network[son<-parent]=
161<-293: 0.005025125628140704
456<-161: 0.005025125628140704
144<-456: 0.04020100502512563
354<-144: 0.035175879396984924
293<-354: 0.02512562814070352
293<-293: 0.005025125628140704
144<-293: 0.035175879396984924
456<-144: 0.01507537688442211
293<-144: 0.020100502512562814
456<-293: 0.010050251256281407
144<-144: 0.04020100502512563
456<-354: 0.010050251256281407

nodeInfo=(Event,position embedding)
161: 161,49
354: 354,5
293: 293,15
456: 456,4
144: 144,1


Sequence Order: 293 161 456 144 354 293 293 144 456 144 354 293 144 293 456 144 354 293 144 293 144 456 144 144 354 293 144 293 144 456 144 144 354 293 144 293 456 144 144 144 354 456 144 144 144 354 456 144 144 144