Label=Anomalous
network[son<-parent]=
293<-293: 0.06532663316582915
161<-293: 0.06532663316582915
293<-161: 0.06030150753768844
456<-161: 0.005025125628140704
144<-456: 0.010050251256281407
144<-144: 0.010050251256281407
354<-144: 0.010050251256281407
293<-354: 0.010050251256281407
456<-293: 0.005025125628140704
144<-293: 0.005025125628140704

nodeInfo=(Event,position embedding)
161: 161,13
354: 354,3
293: 293,2
456: 456,5
144: 144,1


Sequence Order: 293 293 161 293 293 293 293 161 293 293 293 161 293 161 293 293 293 293 293 161 293 161 293 161 293 293 161 293 161 293 161 293 161 293 161 293 293 161 456 144 144 144 354 293 293 456 144 354 293 144