Label=Normal
network[son<-parent]=
570<-557: 0.005025125628140704
570<-570: 0.005025125628140704
212<-570: 0.005025125628140704
557<-212: 0.01507537688442211
158<-557: 0.005025125628140704
517<-158: 0.005025125628140704
517<-517: 0.005025125628140704
557<-517: 0.005025125628140704
557<-557: 0.18592964824120603
212<-557: 0.010050251256281407

nodeInfo=(Event,position embedding)
517: 517,43
557: 557,1
212: 212,19
570: 570,48
158: 158,45


Sequence Order: 557 570 570 212 557 158 517 517 557 557 557 557 557 557 557 557 212 557 557 557 557 557 557 557 557 557 557 557 557 557 557 212 557 557 557 557 557 557 557 557 557 557 557 557 557 557 557 557 557 557