Label=Anomalous
network[son<-parent]=
161<-161: 0.07035175879396985
434<-161: 0.005025125628140704
365<-434: 0.005025125628140704
366<-365: 0.005025125628140704
263<-366: 0.005025125628140704
293<-263: 0.005025125628140704
293<-293: 0.06532663316582915
161<-293: 0.005025125628140704
293<-161: 0.005025125628140704
579<-293: 0.005025125628140704
527<-579: 0.005025125628140704
307<-527: 0.005025125628140704
144<-307: 0.020100502512562814
354<-144: 0.020100502512562814
307<-354: 0.01507537688442211
293<-354: 0.005025125628140704

nodeInfo=(Event,position embedding)
161: 161,29
354: 354,2
579: 579,15
293: 293,1
263: 263,32
365: 365,34
366: 366,33
527: 527,14
144: 144,3
434: 434,35
307: 307,4


Sequence Order: 161 161 161 161 161 161 161 161 161 161 161 161 161 161 161 434 365 366 263 293 293 161 293 293 293 293 293 293 293 293 293 293 293 293 293 579 527 307 144 354 307 144 354 307 144 354 307 144 354 293