Label=Normal
network[son<-parent]=
466<-466: 0.005025125628140704
161<-466: 0.005025125628140704
161<-161: 0.035175879396984924
527<-161: 0.005025125628140704
527<-527: 0.010050251256281407
307<-527: 0.005025125628140704
144<-307: 0.04020100502512563
354<-144: 0.04020100502512563
307<-354: 0.03015075376884422
307<-307: 0.04522613065326633
579<-354: 0.010050251256281407
307<-579: 0.010050251256281407
579<-579: 0.005025125628140704

nodeInfo=(Event,position embedding)
161: 161,41
354: 354,6
579: 579,11
527: 527,38
144: 144,7
466: 466,49
307: 307,1


Sequence Order: 466 466 161 161 161 161 161 161 161 161 527 527 527 307 144 354 307 144 354 307 144 354 307 144 354 307 307 307 144 354 307 144 354 579 307 307 144 354 579 579 307 307 307 144 354 307 307 307 307 307