Label=Anomalous
network[son<-parent]=
293<-161: 0.010050251256281407
161<-293: 0.010050251256281407
161<-161: 0.11557788944723618
470<-161: 0.005025125628140704
470<-470: 0.005025125628140704
527<-470: 0.005025125628140704
527<-527: 0.005025125628140704
307<-527: 0.005025125628140704
144<-307: 0.005025125628140704
354<-144: 0.005025125628140704
144<-354: 0.005025125628140704
144<-144: 0.07035175879396985

nodeInfo=(Event,position embedding)
161: 161,23
354: 354,16
293: 293,34
527: 527,19
144: 144,1
307: 307,18
470: 470,21


Sequence Order: 161 293 161 161 161 161 161 161 161 161 161 161 161 161 161 161 293 161 161 161 161 161 161 161 161 161 161 161 470 470 527 527 307 144 354 144 144 144 144 144 144 144 144 144 144 144 144 144 144 144