Label=Normal
network[son<-parent]=
557<-557: 0.1407035175879397
354<-557: 0.020100502512562814
456<-354: 0.005025125628140704
557<-456: 0.005025125628140704
470<-354: 0.010050251256281407
470<-470: 0.010050251256281407
579<-470: 0.005025125628140704
579<-579: 0.005025125628140704
307<-579: 0.010050251256281407
579<-307: 0.005025125628140704
307<-307: 0.005025125628140704
557<-307: 0.01507537688442211
307<-354: 0.005025125628140704
307<-470: 0.005025125628140704

nodeInfo=(Event,position embedding)
354: 354,30
579: 579,37
456: 456,47
557: 557,1
307: 307,27
470: 470,28


Sequence Order: 557 557 354 456 557 557 557 354 470 470 579 579 307 579 307 307 557 354 307 557 354 470 470 307 557 557 557 557 557 557 557 557 557 557 557 557 557 557 557 557 557 557 557 557 557 557 557 557 557 557