Label=Anomalous
network[son<-parent]=
161<-293: 0.05527638190954774
293<-161: 0.05527638190954774
293<-293: 0.05025125628140704
456<-293: 0.005025125628140704
144<-456: 0.005025125628140704
144<-144: 0.005025125628140704
354<-144: 0.005025125628140704
144<-354: 0.005025125628140704
293<-144: 0.03015075376884422
144<-293: 0.03015075376884422

nodeInfo=(Event,position embedding)
161: 161,24
354: 354,19
293: 293,2
456: 456,22
144: 144,1


Sequence Order: 293 161 293 161 293 161 293 161 293 161 293 293 161 293 161 293 293 161 293 293 293 161 293 293 161 293 161 293 456 144 144 354 144 293 144 293 293 144 293 144 293 293 144 293 293 293 144 293 293 144