Label=Anomalous
network[son<-parent]=
557<-456: 0.005025125628140704
557<-557: 0.01507537688442211
354<-557: 0.005025125628140704
144<-354: 0.005025125628140704
144<-144: 0.1407035175879397
293<-144: 0.04020100502512563
144<-293: 0.035175879396984924

nodeInfo=(Event,position embedding)
354: 354,45
293: 293,1
456: 456,50
557: 557,46
144: 144,2


Sequence Order: 456 557 557 557 557 354 144 144 144 144 293 144 144 144 144 144 293 144 144 144 144 144 293 144 144 144 144 144 144 144 293 144 144 144 144 144 144 293 144 293 144 144 144 293 144 144 144 144 144 293