Label=Anomalous
network[son<-parent]=
367<-562: 0.005025125628140704
367<-367: 0.10552763819095477
541<-367: 0.005025125628140704
456<-541: 0.005025125628140704
557<-456: 0.010050251256281407
557<-557: 0.05527638190954774
354<-557: 0.010050251256281407
456<-354: 0.005025125628140704
579<-354: 0.005025125628140704
579<-579: 0.005025125628140704
307<-579: 0.010050251256281407
579<-307: 0.005025125628140704
470<-307: 0.005025125628140704
470<-470: 0.005025125628140704
307<-470: 0.005025125628140704
557<-307: 0.005025125628140704

nodeInfo=(Event,position embedding)
354: 354,11
579: 579,7
456: 456,13
557: 557,1
367: 367,28
562: 562,50
307: 307,3
470: 470,4
541: 541,27


Sequence Order: 562 367 367 367 367 367 367 367 367 367 367 367 367 367 367 367 367 367 367 367 367 367 367 541 456 557 557 557 557 557 557 557 557 557 557 557 354 456 557 354 579 579 307 579 307 470 470 307 557 557