Label=Anomalous
network[son<-parent]=
470<-470: 0.005025125628140704
456<-470: 0.005025125628140704
557<-456: 0.005025125628140704
557<-557: 0.010050251256281407
354<-557: 0.005025125628140704
293<-354: 0.005025125628140704
293<-293: 0.08040201005025126
144<-293: 0.06532663316582915
293<-144: 0.06532663316582915

nodeInfo=(Event,position embedding)
354: 354,44
293: 293,1
456: 456,48
557: 557,45
144: 144,6
470: 470,49


Sequence Order: 470 470 456 557 557 557 354 293 293 293 144 293 144 293 144 293 144 293 293 293 144 293 293 144 293 144 293 144 293 144 293 144 293 293 293 144 293 293 144 293 293 293 293 293 144 293 293 293 293 293