Label=Normal
network[son<-parent]=
2<-2: 0.005025125628140704
431<-2: 0.005025125628140704
192<-431: 0.005025125628140704
123<-192: 0.005025125628140704
176<-123: 0.005025125628140704
406<-176: 0.005025125628140704
546<-406: 0.005025125628140704
462<-546: 0.07035175879396985
265<-462: 0.07035175879396985
546<-265: 0.07035175879396985

nodeInfo=(Event,position embedding)
192: 192,47
2: 2,49
546: 546,1
265: 265,2
462: 462,3
431: 431,48
176: 176,45
406: 406,44
123: 123,46


Sequence Order: 2 2 431 192 123 176 406 546 462 265 546 462 265 546 462 265 546 462 265 546 462 265 546 462 265 546 462 265 546 462 265 546 462 265 546 462 265 546 462 265 546 462 265 546 462 265 546 462 265 546