Label=Normal
network[son<-parent]=
213<-341: 0.005025125628140704
420<-213: 0.005025125628140704
213<-420: 0.005025125628140704
213<-213: 0.09547738693467336
415<-213: 0.005025125628140704
80<-415: 0.005025125628140704
213<-80: 0.005025125628140704
105<-213: 0.020100502512562814
105<-105: 0.07035175879396985
213<-105: 0.010050251256281407
449<-105: 0.005025125628140704
213<-449: 0.005025125628140704
310<-213: 0.005025125628140704
213<-310: 0.005025125628140704

nodeInfo=(Event,position embedding)
449: 449,11
420: 420,48
105: 105,1
80: 80,35
213: 213,2
341: 341,50
310: 310,8
415: 415,36


Sequence Order: 341 213 420 213 213 213 213 213 213 213 213 213 213 213 415 80 213 213 105 105 105 105 105 105 105 105 105 105 105 105 105 105 213 213 105 105 213 213 105 449 213 213 310 213 213 213 213 213 213 105