Label=Normal
network[son<-parent]=
357<-573: 0.005025125628140704
213<-357: 0.005025125628140704
213<-213: 0.09547738693467336
483<-213: 0.005025125628140704
213<-483: 0.005025125628140704
324<-213: 0.005025125628140704
213<-324: 0.005025125628140704
88<-213: 0.005025125628140704
88<-88: 0.005025125628140704
213<-88: 0.005025125628140704
415<-213: 0.005025125628140704
80<-415: 0.005025125628140704
213<-80: 0.005025125628140704
105<-213: 0.010050251256281407
105<-105: 0.07035175879396985
213<-105: 0.010050251256281407

nodeInfo=(Event,position embedding)
483: 483,46
324: 324,44
357: 357,49
105: 105,3
80: 80,23
213: 213,1
88: 88,41
573: 573,50
415: 415,24


Sequence Order: 573 357 213 213 483 213 324 213 88 88 213 213 213 213 213 213 213 213 213 213 213 213 213 213 213 213 415 80 213 213 105 105 105 105 105 105 105 105 105 105 105 105 105 105 213 213 105 105 213 213