Label=Anomalous
network[son<-parent]=
549<-127: 0.005025125628140704
551<-549: 0.005025125628140704
85<-551: 0.005025125628140704
213<-85: 0.005025125628140704
213<-213: 0.12562814070351758
357<-213: 0.010050251256281407
213<-357: 0.010050251256281407
483<-213: 0.005025125628140704
213<-483: 0.005025125628140704
88<-213: 0.005025125628140704
88<-88: 0.005025125628140704
213<-88: 0.005025125628140704
415<-213: 0.005025125628140704
80<-415: 0.005025125628140704
213<-80: 0.005025125628140704
105<-213: 0.005025125628140704
105<-105: 0.035175879396984924

nodeInfo=(Event,position embedding)
483: 483,34
549: 549,49
357: 357,37
551: 551,48
415: 415,12
105: 105,1
80: 80,11
213: 213,9
85: 85,47
88: 88,29
127: 127,50


Sequence Order: 127 549 551 85 213 213 213 213 213 213 357 213 213 357 213 213 483 213 213 213 88 88 213 213 213 213 213 213 213 213 213 213 213 213 213 213 213 213 415 80 213 213 105 105 105 105 105 105 105 105