Label=Anomalous
network[son<-parent]=
367<-562: 0.005025125628140704
367<-367: 0.04020100502512563
530<-367: 0.005025125628140704
541<-530: 0.005025125628140704
127<-541: 0.005025125628140704
213<-127: 0.005025125628140704
213<-213: 0.12562814070351758
85<-213: 0.005025125628140704
213<-85: 0.005025125628140704
357<-213: 0.010050251256281407
213<-357: 0.010050251256281407
483<-213: 0.005025125628140704
213<-483: 0.005025125628140704
88<-213: 0.005025125628140704
88<-88: 0.005025125628140704
213<-88: 0.005025125628140704

nodeInfo=(Event,position embedding)
483: 483,22
357: 357,25
367: 367,41
562: 562,50
530: 530,40
213: 213,1
85: 85,35
88: 88,17
541: 541,39
127: 127,38


Sequence Order: 562 367 367 367 367 367 367 367 367 367 530 541 127 213 213 85 213 213 213 213 213 213 357 213 213 357 213 213 483 213 213 213 88 88 213 213 213 213 213 213 213 213 213 213 213 213 213 213 213 213