Label=Anomalous
network[son<-parent]=
293<-293: 0.06030150753768844
161<-293: 0.01507537688442211
293<-161: 0.01507537688442211
456<-293: 0.005025125628140704
293<-456: 0.005025125628140704
144<-293: 0.035175879396984924
144<-144: 0.035175879396984924
293<-144: 0.02512562814070352
354<-144: 0.005025125628140704
293<-354: 0.005025125628140704
534<-144: 0.005025125628140704
293<-534: 0.010050251256281407
534<-293: 0.005025125628140704
343<-144: 0.005025125628140704
293<-343: 0.005025125628140704
343<-293: 0.005025125628140704
144<-343: 0.005025125628140704

nodeInfo=(Event,position embedding)
161: 161,40
354: 354,18
293: 293,1
456: 456,34
144: 144,3
534: 534,12
343: 343,6


Sequence Order: 293 293 161 293 293 293 161 293 293 293 161 293 293 293 293 293 456 293 144 144 144 293 144 293 144 144 144 293 144 144 144 144 354 293 293 144 534 293 534 293 293 144 343 293 343 144 293 144 293 293