Label=Normal
network[son<-parent]=
456<-365: 0.005025125628140704
557<-456: 0.010050251256281407
354<-557: 0.010050251256281407
456<-354: 0.005025125628140704
394<-354: 0.005025125628140704
92<-394: 0.07537688442211055
394<-92: 0.07537688442211055
394<-394: 0.035175879396984924
92<-92: 0.02512562814070352

nodeInfo=(Event,position embedding)
354: 354,44
456: 456,46
394: 394,1
557: 557,45
365: 365,50
92: 92,2


Sequence Order: 365 456 557 354 456 557 354 394 92 394 92 394 92 394 92 394 92 394 394 92 394 92 92 394 394 394 92 394 92 394 394 394 92 394 92 92 92 92 92 394 92 394 394 92 394 92 394 394 92 394