Label=Normal
network[son<-parent]=
161<-161: 0.07035175879396985
434<-161: 0.005025125628140704
263<-434: 0.005025125628140704
365<-263: 0.005025125628140704
366<-365: 0.005025125628140704
456<-366: 0.005025125628140704
144<-456: 0.020100502512562814
354<-144: 0.020100502512562814
456<-354: 0.01507537688442211
144<-354: 0.005025125628140704
144<-144: 0.09045226130653267

nodeInfo=(Event,position embedding)
161: 161,36
354: 354,20
263: 263,34
456: 456,22
365: 365,33
366: 366,32
144: 144,1
434: 434,35


Sequence Order: 161 161 161 161 161 161 161 161 161 161 161 161 161 161 161 434 263 365 366 456 144 354 456 144 354 456 144 354 456 144 354 144 144 144 144 144 144 144 144 144 144 144 144 144 144 144 144 144 144 144