Label=Anomalous
network[son<-parent]=
456<-541: 0.005025125628140704
557<-456: 0.03015075376884422
557<-557: 0.1407035175879397
354<-557: 0.03015075376884422
456<-354: 0.02512562814070352
307<-354: 0.005025125628140704
307<-307: 0.005025125628140704
557<-307: 0.005025125628140704

nodeInfo=(Event,position embedding)
354: 354,10
456: 456,13
557: 557,1
307: 307,8
541: 541,50


Sequence Order: 541 456 557 557 557 557 557 557 557 557 557 557 557 557 557 557 354 456 557 557 557 557 557 557 557 557 354 456 557 354 456 557 354 456 557 557 354 456 557 557 354 307 307 557 557 557 557 557 557 557