Label=Normal
network[son<-parent]=
456<-354: 0.005025125628140704
557<-456: 0.005025125628140704
354<-557: 0.020100502512562814
307<-354: 0.01507537688442211
470<-307: 0.005025125628140704
569<-470: 0.005025125628140704
307<-569: 0.005025125628140704
557<-307: 0.020100502512562814
470<-354: 0.005025125628140704
470<-470: 0.005025125628140704
307<-470: 0.005025125628140704
557<-557: 0.1507537688442211

nodeInfo=(Event,position embedding)
354: 354,33
456: 456,49
557: 557,1
307: 307,32
470: 470,39
569: 569,44


Sequence Order: 354 456 557 354 307 470 569 307 557 354 470 470 307 557 354 307 557 354 307 557 557 557 557 557 557 557 557 557 557 557 557 557 557 557 557 557 557 557 557 557 557 557 557 557 557 557 557 557 557 557