Label=Normal
network[son<-parent]=
557<-456: 0.01507537688442211
557<-557: 0.005025125628140704
354<-557: 0.01507537688442211
456<-354: 0.005025125628140704
534<-354: 0.005025125628140704
456<-534: 0.005025125628140704
144<-354: 0.005025125628140704
144<-144: 0.19095477386934673

nodeInfo=(Event,position embedding)
354: 354,40
456: 456,42
557: 557,41
144: 144,1
534: 534,43


Sequence Order: 456 557 557 354 456 557 354 534 456 557 354 144 144 144 144 144 144 144 144 144 144 144 144 144 144 144 144 144 144 144 144 144 144 144 144 144 144 144 144 144 144 144 144 144 144 144 144 144 144 144