Label=Normal
network[son<-parent]=
456<-557: 0.02512562814070352
557<-456: 0.01507537688442211
579<-456: 0.005025125628140704
557<-579: 0.02512562814070352
557<-557: 0.11557788944723618
456<-456: 0.005025125628140704
579<-557: 0.02512562814070352
307<-456: 0.005025125628140704
557<-307: 0.01507537688442211
307<-557: 0.010050251256281407

nodeInfo=(Event,position embedding)
456: 456,12
307: 307,4
579: 579,1
557: 557,2


Sequence Order: 557 456 557 456 579 557 557 557 557 456 456 557 557 557 557 557 557 579 557 557 557 456 557 579 557 557 557 557 557 557 557 557 579 557 557 557 557 557 456 307 557 579 557 557 307 557 307 557 557 579