Label=Normal
network[son<-parent]=
195<-576: 0.005025125628140704
195<-195: 0.010050251256281407
119<-195: 0.005025125628140704
119<-119: 0.01507537688442211
456<-119: 0.010050251256281407
557<-456: 0.01507537688442211
557<-557: 0.15577889447236182
354<-557: 0.01507537688442211
119<-354: 0.005025125628140704
456<-354: 0.010050251256281407

nodeInfo=(Event,position embedding)
576: 576,50
354: 354,2
195: 195,47
456: 456,1
557: 557,3
119: 119,8


Sequence Order: 576 195 195 195 119 119 119 119 456 557 557 557 557 557 557 557 557 557 557 557 557 557 557 557 557 557 557 557 557 557 557 557 557 557 557 557 557 557 557 557 557 354 119 456 557 354 456 557 354 456