Label=Normal
network[son<-parent]=
557<-456: 0.005025125628140704
557<-557: 0.18592964824120603
354<-557: 0.01507537688442211
579<-354: 0.005025125628140704
307<-579: 0.005025125628140704
307<-307: 0.005025125628140704
557<-307: 0.01507537688442211
307<-354: 0.010050251256281407

nodeInfo=(Event,position embedding)
354: 354,3
579: 579,26
456: 456,50
557: 557,1
307: 307,2


Sequence Order: 456 557 557 557 557 557 557 557 557 557 557 557 557 557 557 557 557 557 557 557 557 557 557 354 579 307 307 557 557 557 557 557 557 557 557 557 557 557 557 557 557 557 557 557 354 307 557 354 307 557