Label=Normal
network[son<-parent]=
557<-456: 0.035175879396984924
354<-557: 0.035175879396984924
456<-354: 0.02512562814070352
557<-557: 0.12060301507537688
579<-354: 0.010050251256281407
456<-579: 0.005025125628140704
579<-579: 0.01507537688442211

nodeInfo=(Event,position embedding)
456: 456,7
354: 354,5
579: 579,1
557: 557,6


Sequence Order: 456 557 354 456 557 557 354 456 557 354 456 557 557 557 557 557 557 557 557 557 557 557 557 557 557 557 557 557 557 557 557 557 557 557 557 354 456 557 354 456 557 354 579 456 557 354 579 579 579 579