Label=Normal
network[son<-parent]=
354<-557: 0.010050251256281407
527<-354: 0.005025125628140704
527<-527: 0.005025125628140704
579<-527: 0.005025125628140704
307<-579: 0.005025125628140704
557<-307: 0.005025125628140704
207<-354: 0.005025125628140704
119<-207: 0.005025125628140704
119<-119: 0.17587939698492464
431<-119: 0.005025125628140704
119<-431: 0.005025125628140704
192<-119: 0.005025125628140704
123<-192: 0.005025125628140704
119<-123: 0.005025125628140704

nodeInfo=(Event,position embedding)
192: 192,37
354: 354,43
579: 579,46
557: 557,44
527: 527,47
207: 207,42
431: 431,39
307: 307,45
119: 119,1
123: 123,36


Sequence Order: 557 354 527 527 579 307 557 354 207 119 119 431 119 192 123 119 119 119 119 119 119 119 119 119 119 119 119 119 119 119 119 119 119 119 119 119 119 119 119 119 119 119 119 119 119 119 119 119 119 119