Label=Normal
network[son<-parent]=
557<-64: 0.005025125628140704
64<-557: 0.01507537688442211
64<-64: 0.06030150753768844
292<-64: 0.04522613065326633
292<-292: 0.06532663316582915
557<-292: 0.010050251256281407
64<-292: 0.035175879396984924
354<-64: 0.005025125628140704
64<-354: 0.005025125628140704

nodeInfo=(Event,position embedding)
64: 64,1
354: 354,14
292: 292,3
557: 557,23


Sequence Order: 64 557 64 64 64 292 292 292 292 557 64 64 64 64 292 64 64 292 64 292 292 64 292 292 64 292 292 557 64 64 292 292 292 292 64 64 354 64 64 64 292 64 64 292 292 292 292 292 64 64