Label=Normal
network[son<-parent]=
557<-64: 0.005025125628140704
64<-557: 0.010050251256281407
292<-64: 0.03015075376884422
292<-292: 0.08040201005025126
557<-292: 0.005025125628140704
64<-64: 0.07537688442211055
64<-292: 0.03015075376884422
354<-64: 0.005025125628140704
292<-354: 0.005025125628140704

nodeInfo=(Event,position embedding)
64: 64,1
354: 354,30
292: 292,3
557: 557,42


Sequence Order: 64 557 64 292 292 292 292 292 557 64 64 64 64 64 292 292 292 64 64 64 354 292 292 292 64 64 292 292 292 292 292 292 64 64 64 64 64 64 292 64 292 292 292 64 64 64 292 292 64 64