Label=Normal
network[son<-parent]=
557<-292: 0.020100502512562814
64<-557: 0.010050251256281407
292<-64: 0.035175879396984924
292<-292: 0.05025125628140704
64<-292: 0.04020100502512563
557<-64: 0.010050251256281407
292<-557: 0.020100502512562814
64<-64: 0.06030150753768844

nodeInfo=(Event,position embedding)
64: 64,1
292: 292,8
557: 557,5


Sequence Order: 292 557 64 292 292 292 64 292 64 292 64 557 292 292 64 64 292 557 292 292 64 64 64 64 64 64 292 557 292 64 64 64 292 292 292 292 292 557 292 292 64 292 292 64 64 557 64 64 64 64