Label=Normal
network[son<-parent]=
557<-64: 0.010050251256281407
64<-557: 0.010050251256281407
64<-64: 0.05527638190954774
292<-64: 0.04020100502512563
557<-292: 0.02512562814070352
292<-292: 0.035175879396984924
292<-557: 0.020100502512562814
64<-292: 0.02512562814070352
557<-557: 0.005025125628140704
354<-557: 0.005025125628140704
64<-354: 0.010050251256281407
354<-292: 0.005025125628140704

nodeInfo=(Event,position embedding)
64: 64,4
354: 354,9
292: 292,1
557: 557,13


Sequence Order: 64 557 64 64 64 292 557 64 64 292 292 557 292 64 292 292 557 557 292 64 64 64 557 354 64 292 292 557 292 64 292 64 64 292 64 64 292 557 292 292 292 354 64 64 64 64 64 292 292 292