Label=Normal
network[son<-parent]=
64<-557: 0.010050251256281407
292<-64: 0.07537688442211055
64<-292: 0.06532663316582915
64<-64: 0.035175879396984924
292<-292: 0.035175879396984924
557<-292: 0.01507537688442211
292<-557: 0.010050251256281407

nodeInfo=(Event,position embedding)
64: 64,3
292: 292,1
557: 557,9


Sequence Order: 557 64 292 64 292 64 64 292 64 292 292 292 292 557 292 64 64 292 64 292 292 64 292 64 64 64 292 557 292 64 292 64 64 292 64 64 64 292 292 64 292 557 64 292 64 292 292 64 292 292