Label=Normal
network[son<-parent]=
292<-64: 0.05025125628140704
64<-292: 0.05025125628140704
64<-64: 0.06030150753768844
292<-292: 0.06532663316582915
557<-64: 0.005025125628140704
64<-557: 0.005025125628140704
354<-292: 0.005025125628140704
292<-354: 0.005025125628140704

nodeInfo=(Event,position embedding)
64: 64,1
354: 354,11
292: 292,3
557: 557,30


Sequence Order: 64 292 64 64 292 292 292 64 292 292 64 292 292 292 64 64 64 292 64 64 557 64 64 64 292 64 292 292 292 292 64 292 64 64 64 64 64 292 292 354 292 64 64 292 292 292 292 292 64 64