Label=Normal
network[son<-parent]=
64<-292: 0.05025125628140704
292<-64: 0.05025125628140704
64<-64: 0.07035175879396985
579<-292: 0.005025125628140704
292<-579: 0.005025125628140704
292<-292: 0.05527638190954774
527<-292: 0.005025125628140704
292<-527: 0.005025125628140704

nodeInfo=(Event,position embedding)
64: 64,2
579: 579,42
292: 292,1
527: 527,5


Sequence Order: 292 64 292 64 64 64 64 292 579 292 292 292 64 64 292 292 64 64 292 292 64 292 64 64 64 64 64 64 64 64 64 292 64 292 292 292 292 64 64 292 292 64 292 292 292 527 292 292 64 292