Label=Anomalous
network[son<-parent]=
64<-293: 0.010050251256281407
292<-64: 0.09547738693467336
235<-292: 0.005025125628140704
293<-235: 0.005025125628140704
64<-292: 0.08542713567839195
293<-292: 0.005025125628140704
293<-293: 0.01507537688442211
325<-293: 0.005025125628140704
263<-325: 0.005025125628140704
365<-263: 0.005025125628140704
325<-365: 0.005025125628140704
64<-325: 0.005025125628140704

nodeInfo=(Event,position embedding)
64: 64,1
292: 292,2
325: 325,16
293: 293,20
263: 263,18
235: 235,47
365: 365,17


Sequence Order: 293 64 292 235 293 64 292 64 292 64 292 64 292 64 292 64 292 64 292 64 292 64 292 64 292 64 292 293 293 293 293 325 263 365 325 64 292 64 292 64 292 64 292 64 292 64 292 64 292 64