Label=Normal
network[son<-parent]=
184<-184: 0.005025125628140704
301<-184: 0.005025125628140704
301<-301: 0.01507537688442211
406<-301: 0.005025125628140704
546<-406: 0.005025125628140704
462<-546: 0.07035175879396985
265<-462: 0.07035175879396985
546<-265: 0.07035175879396985

nodeInfo=(Event,position embedding)
546: 546,1
265: 265,2
301: 301,45
462: 462,3
406: 406,44
184: 184,49


Sequence Order: 184 184 301 301 301 301 406 546 462 265 546 462 265 546 462 265 546 462 265 546 462 265 546 462 265 546 462 265 546 462 265 546 462 265 546 462 265 546 462 265 546 462 265 546 462 265 546 462 265 546