Label=Anomalous
network[son<-parent]=
352<-352: 0.01507537688442211
235<-352: 0.005025125628140704
235<-235: 0.035175879396984924
254<-235: 0.005025125628140704
254<-254: 0.005025125628140704
434<-254: 0.005025125628140704
325<-434: 0.005025125628140704
263<-325: 0.005025125628140704
365<-263: 0.005025125628140704
175<-365: 0.005025125628140704
167<-175: 0.005025125628140704
167<-167: 0.03015075376884422
456<-167: 0.005025125628140704
557<-456: 0.005025125628140704
557<-557: 0.11055276381909548

nodeInfo=(Event,position embedding)
352: 352,47
325: 325,35
263: 263,34
167: 167,25
456: 456,24
235: 235,39
365: 365,33
557: 557,1
175: 175,32
434: 434,36
254: 254,37


Sequence Order: 352 352 352 352 235 235 235 235 235 235 235 235 254 254 434 325 263 365 175 167 167 167 167 167 167 167 456 557 557 557 557 557 557 557 557 557 557 557 557 557 557 557 557 557 557 557 557 557 557 557