Label=Anomalous
network[son<-parent]=
456<-354: 0.04522613065326633
557<-456: 0.04522613065326633
354<-557: 0.04522613065326633
405<-354: 0.005025125628140704
549<-405: 0.005025125628140704
85<-549: 0.005025125628140704
213<-85: 0.005025125628140704
213<-213: 0.04522613065326633
357<-213: 0.010050251256281407
213<-357: 0.010050251256281407
483<-213: 0.005025125628140704
213<-483: 0.005025125628140704
88<-213: 0.005025125628140704
88<-88: 0.005025125628140704
213<-88: 0.005025125628140704

nodeInfo=(Event,position embedding)
354: 354,23
483: 483,7
549: 549,21
357: 357,10
456: 456,25
557: 557,24
405: 405,22
85: 85,20
213: 213,1
88: 88,2


Sequence Order: 354 456 557 354 456 557 354 456 557 354 456 557 354 456 557 354 456 557 354 456 557 354 456 557 354 456 557 354 405 549 85 213 213 213 213 213 213 357 213 213 357 213 213 483 213 213 213 88 88 213