Label=Normal
network[son<-parent]=
557<-456: 0.04020100502512563
456<-557: 0.020100502512562814
557<-557: 0.10050251256281408
354<-557: 0.04020100502512563
557<-354: 0.02512562814070352
456<-354: 0.01507537688442211
456<-456: 0.005025125628140704

nodeInfo=(Event,position embedding)
456: 456,7
354: 354,8
557: 557,1


Sequence Order: 456 557 456 557 557 354 557 354 456 557 557 456 557 557 557 557 354 557 557 456 557 557 557 354 557 557 557 456 557 557 557 354 557 354 456 456 557 557 557 557 354 557 354 456 557 557 557 557 557 557