Label=Anomalous
network[son<-parent]=
557<-456: 0.03015075376884422
354<-557: 0.03015075376884422
456<-354: 0.02512562814070352
557<-557: 0.08040201005025126
10<-354: 0.005025125628140704
293<-10: 0.005025125628140704
293<-293: 0.07035175879396985

nodeInfo=(Event,position embedding)
354: 354,17
293: 293,1
456: 456,19
10: 10,16
557: 557,18


Sequence Order: 456 557 354 456 557 354 456 557 354 456 557 557 557 557 557 557 557 557 557 557 557 557 557 557 557 557 557 354 456 557 354 456 557 354 10 293 293 293 293 293 293 293 293 293 293 293 293 293 293 293