Label=Normal
network[son<-parent]=
557<-456: 0.005025125628140704
557<-557: 0.1658291457286432
354<-557: 0.01507537688442211
470<-354: 0.010050251256281407
307<-470: 0.01507537688442211
470<-307: 0.005025125628140704
307<-307: 0.010050251256281407
557<-307: 0.01507537688442211
307<-354: 0.005025125628140704

nodeInfo=(Event,position embedding)
354: 354,14
456: 456,50
557: 557,1
307: 307,12
470: 470,13


Sequence Order: 456 557 557 557 354 470 307 470 307 307 557 557 557 557 557 557 557 557 557 557 557 557 557 557 557 557 557 557 557 557 557 557 354 307 307 557 354 470 307 557 557 557 557 557 557 557 557 557 557 557