Label=Normal
network[son<-parent]=
64<-292: 0.09045226130653267
292<-64: 0.09045226130653267
456<-64: 0.005025125628140704
292<-456: 0.005025125628140704
557<-292: 0.005025125628140704
64<-557: 0.005025125628140704
354<-64: 0.005025125628140704
292<-354: 0.005025125628140704
456<-292: 0.010050251256281407
64<-456: 0.005025125628140704
557<-64: 0.005025125628140704
292<-557: 0.005025125628140704
354<-292: 0.005025125628140704
64<-354: 0.005025125628140704

nodeInfo=(Event,position embedding)
64: 64,3
354: 354,4
292: 292,2
456: 456,1
557: 557,6


Sequence Order: 292 64 292 64 292 64 292 64 292 64 292 64 292 64 292 64 292 64 292 64 292 64 292 64 292 64 292 64 292 64 292 64 292 64 292 64 456 292 557 64 354 292 456 64 557 292 354 64 292 456