Label=Anomalous
network[son<-parent]=
293<-293: 0.1407035175879397
94<-293: 0.005025125628140704
409<-94: 0.005025125628140704
112<-409: 0.005025125628140704
213<-112: 0.005025125628140704
30<-213: 0.005025125628140704
353<-30: 0.005025125628140704
105<-353: 0.005025125628140704
213<-105: 0.005025125628140704
213<-213: 0.05527638190954774
357<-213: 0.005025125628140704
213<-357: 0.005025125628140704

nodeInfo=(Event,position embedding)
353: 353,16
293: 293,22
357: 357,3
105: 105,15
112: 112,19
213: 213,1
30: 30,17
409: 409,20
94: 94,21


Sequence Order: 293 293 293 293 293 293 293 293 293 293 293 293 293 293 293 293 293 293 293 293 293 293 293 293 293 293 293 293 293 94 409 112 213 30 353 105 213 213 213 213 213 213 213 213 213 213 213 357 213 213