Label=Normal
network[son<-parent]=
306<-285: 0.005025125628140704
487<-306: 0.005025125628140704
449<-487: 0.005025125628140704
310<-449: 0.005025125628140704
172<-310: 0.005025125628140704
310<-172: 0.005025125628140704
213<-310: 0.005025125628140704
213<-213: 0.04020100502512563
105<-213: 0.010050251256281407
213<-105: 0.005025125628140704
105<-105: 0.15577889447236182

nodeInfo=(Event,position embedding)
449: 449,47
487: 487,48
105: 105,1
172: 172,45
306: 306,49
213: 213,33
310: 310,44
285: 285,50


Sequence Order: 285 306 487 449 310 172 310 213 213 213 213 213 213 105 213 213 213 213 105 105 105 105 105 105 105 105 105 105 105 105 105 105 105 105 105 105 105 105 105 105 105 105 105 105 105 105 105 105 105 105