Label=Normal
network[son<-parent]=
456<-354: 0.03015075376884422
456<-456: 0.010050251256281407
557<-456: 0.04522613065326633
557<-557: 0.09547738693467336
354<-557: 0.03015075376884422
354<-354: 0.01507537688442211
456<-557: 0.01507537688442211
557<-354: 0.005025125628140704

nodeInfo=(Event,position embedding)
456: 456,14
354: 354,16
557: 557,1


Sequence Order: 354 456 456 557 557 354 354 456 557 456 557 456 557 557 557 557 354 354 354 456 557 354 456 557 354 456 557 557 354 456 456 557 557 557 354 557 456 557 557 557 557 557 557 557 557 557 557 557 557 557