Label=Normal
network[son<-parent]=
354<-557: 0.03015075376884422
557<-354: 0.03015075376884422
557<-557: 0.11557788944723618
456<-557: 0.02512562814070352
557<-456: 0.02512562814070352
354<-456: 0.010050251256281407
456<-354: 0.010050251256281407

nodeInfo=(Event,position embedding)
456: 456,5
354: 354,4
557: 557,1


Sequence Order: 557 354 557 557 557 456 557 557 557 557 557 456 354 557 557 557 354 557 557 456 557 557 557 354 557 557 354 456 557 557 557 557 557 456 557 354 456 557 557 557 557 557 557 354 557 456 354 557 557 557