Label=Normal
network[son<-parent]=
557<-557: 0.11055276381909548
354<-557: 0.02512562814070352
579<-354: 0.01507537688442211
195<-579: 0.005025125628140704
195<-195: 0.010050251256281407
119<-195: 0.005025125628140704
119<-119: 0.005025125628140704
456<-119: 0.005025125628140704
557<-456: 0.005025125628140704
307<-579: 0.01507537688442211
307<-307: 0.005025125628140704
579<-307: 0.005025125628140704
557<-307: 0.01507537688442211
307<-354: 0.010050251256281407
579<-579: 0.010050251256281407

nodeInfo=(Event,position embedding)
354: 354,2
579: 579,9
195: 195,27
456: 456,24
557: 557,3
307: 307,1
119: 119,25


Sequence Order: 557 557 557 557 557 557 557 557 557 557 557 557 557 557 557 557 557 557 557 354 579 195 195 195 119 119 456 557 354 579 307 307 579 307 557 354 307 557 354 579 579 579 307 557 557 557 557 557 354 307