Label=Anomalous
network[son<-parent]=
83<-407: 0.005025125628140704
83<-83: 0.005025125628140704
207<-83: 0.005025125628140704
318<-207: 0.005025125628140704
213<-318: 0.005025125628140704
213<-213: 0.01507537688442211
105<-213: 0.005025125628140704
105<-105: 0.15577889447236182
541<-105: 0.005025125628140704
119<-541: 0.005025125628140704
119<-119: 0.03015075376884422
527<-119: 0.005025125628140704

nodeInfo=(Event,position embedding)
105: 105,10
207: 207,47
527: 527,1
83: 83,48
119: 119,2
213: 213,42
407: 407,50
541: 541,9
318: 318,46


Sequence Order: 407 83 83 207 318 213 213 213 213 105 105 105 105 105 105 105 105 105 105 105 105 105 105 105 105 105 105 105 105 105 105 105 105 105 105 105 105 105 105 105 105 541 119 119 119 119 119 119 119 527