Label=Normal
network[son<-parent]=
579<-527: 0.005025125628140704
579<-579: 0.010050251256281407
527<-579: 0.005025125628140704
527<-527: 0.005025125628140704
195<-527: 0.005025125628140704
119<-195: 0.005025125628140704
119<-119: 0.06030150753768844
579<-119: 0.005025125628140704
119<-579: 0.005025125628140704
307<-119: 0.005025125628140704
354<-307: 0.06030150753768844
470<-354: 0.005025125628140704
470<-470: 0.005025125628140704
307<-470: 0.005025125628140704
307<-354: 0.05025125628140704
579<-354: 0.005025125628140704
307<-579: 0.005025125628140704

nodeInfo=(Event,position embedding)
354: 354,4
579: 579,2
195: 195,45
527: 527,46
307: 307,1
470: 470,26
119: 119,30


Sequence Order: 527 579 579 527 527 195 119 119 119 119 119 119 119 119 119 119 119 119 119 579 119 307 354 470 470 307 354 307 354 307 354 307 354 307 354 307 354 307 354 307 354 307 354 307 354 307 354 579 579 307