Label=Normal
network[son<-parent]=
470<-470: 0.005025125628140704
456<-470: 0.005025125628140704
354<-456: 0.04522613065326633
456<-354: 0.04020100502512563
307<-354: 0.05527638190954774
307<-307: 0.01507537688442211
354<-307: 0.06030150753768844
579<-354: 0.005025125628140704
307<-579: 0.005025125628140704
362<-354: 0.005025125628140704
362<-362: 0.005025125628140704

nodeInfo=(Event,position embedding)
354: 354,3
579: 579,5
456: 456,32
362: 362,1
307: 307,4
470: 470,49


Sequence Order: 470 470 456 354 456 354 456 354 456 354 456 354 456 354 456 354 456 354 456 354 307 307 307 307 354 307 354 307 354 307 354 307 354 307 354 307 354 307 354 307 354 307 354 307 354 579 307 354 362 362