Label=Normal
network[son<-parent]=
527<-354: 0.005025125628140704
527<-527: 0.005025125628140704
307<-527: 0.005025125628140704
354<-307: 0.07035175879396985
470<-354: 0.02512562814070352
307<-470: 0.020100502512562814
307<-354: 0.04522613065326633
307<-307: 0.05025125628140704
470<-470: 0.020100502512562814

nodeInfo=(Event,position embedding)
354: 354,3
307: 307,4
470: 470,1
527: 527,48


Sequence Order: 354 527 527 307 354 470 307 354 307 307 307 354 307 354 307 354 470 470 307 307 307 307 307 307 307 354 307 354 307 354 307 354 307 354 307 354 307 307 307 354 470 470 307 354 470 470 307 354 470 470