Label=Normal
network[son<-parent]=
195<-195: 0.005025125628140704
119<-195: 0.005025125628140704
119<-119: 0.04522613065326633
579<-119: 0.010050251256281407
119<-579: 0.005025125628140704
527<-119: 0.005025125628140704
307<-527: 0.005025125628140704
354<-307: 0.035175879396984924
307<-354: 0.020100502512562814
119<-354: 0.005025125628140704
307<-119: 0.005025125628140704
307<-307: 0.01507537688442211
354<-354: 0.005025125628140704
579<-354: 0.010050251256281407
307<-579: 0.01507537688442211
579<-579: 0.05025125628140704
119<-307: 0.005025125628140704

nodeInfo=(Event,position embedding)
354: 354,24
579: 579,2
195: 195,49
527: 527,42
307: 307,1
119: 119,8


Sequence Order: 195 195 119 119 119 119 579 119 527 307 354 307 354 119 307 354 307 354 307 354 307 307 354 354 579 307 354 579 579 579 579 579 579 307 307 307 119 119 119 119 119 119 119 579 579 579 579 579 579 307