Label=Anomalous
network[son<-parent]=
367<-562: 0.005025125628140704
367<-367: 0.06030150753768844
541<-367: 0.005025125628140704
362<-541: 0.005025125628140704
2<-362: 0.005025125628140704
2<-2: 0.07537688442211055
176<-2: 0.005025125628140704
406<-176: 0.005025125628140704
546<-406: 0.005025125628140704
462<-546: 0.02512562814070352
265<-462: 0.02512562814070352
546<-265: 0.02512562814070352

nodeInfo=(Event,position embedding)
2: 2,19
546: 546,1
265: 265,2
362: 362,35
462: 462,3
367: 367,37
176: 176,18
562: 562,50
406: 406,17
541: 541,36


Sequence Order: 562 367 367 367 367 367 367 367 367 367 367 367 367 367 541 362 2 2 2 2 2 2 2 2 2 2 2 2 2 2 2 2 176 406 546 462 265 546 462 265 546 462 265 546 462 265 546 462 265 546