Label=Normal
network[son<-parent]=
576<-59: 0.005025125628140704
59<-576: 0.010050251256281407
59<-59: 0.010050251256281407
456<-59: 0.07537688442211055
354<-456: 0.07537688442211055
59<-354: 0.06532663316582915
576<-354: 0.005025125628140704

nodeInfo=(Event,position embedding)
576: 576,26
354: 354,1
59: 59,3
456: 456,2


Sequence Order: 59 576 59 59 456 354 59 456 354 59 456 354 59 456 354 59 456 354 59 456 354 59 456 354 576 59 59 456 354 59 456 354 59 456 354 59 456 354 59 456 354 59 456 354 59 456 354 59 456 354