Label=Anomalous
network[son<-parent]=
10<-315: 0.005025125628140704
293<-10: 0.005025125628140704
293<-293: 0.06532663316582915
479<-293: 0.005025125628140704
365<-479: 0.005025125628140704
293<-365: 0.005025125628140704
576<-293: 0.005025125628140704
59<-576: 0.005025125628140704
88<-59: 0.005025125628140704
65<-88: 0.005025125628140704
456<-65: 0.005025125628140704
354<-456: 0.06532663316582915
456<-354: 0.05527638190954774
470<-354: 0.005025125628140704
456<-470: 0.005025125628140704

nodeInfo=(Event,position embedding)
576: 576,31
65: 65,28
354: 354,1
293: 293,32
456: 456,2
59: 59,30
10: 10,49
365: 365,33
470: 470,3
88: 88,29
315: 315,50
479: 479,34


Sequence Order: 315 10 293 293 293 293 293 293 293 293 293 293 293 293 293 293 479 365 293 576 59 88 65 456 354 456 354 456 354 456 354 456 354 456 354 456 354 456 354 456 354 456 354 456 354 456 354 470 456 354