Label=Normal
network[son<-parent]=
235<-235: 0.005025125628140704
456<-235: 0.005025125628140704
354<-456: 0.01507537688442211
456<-354: 0.005025125628140704
470<-354: 0.01507537688442211
470<-470: 0.010050251256281407
456<-470: 0.005025125628140704
579<-354: 0.005025125628140704
579<-579: 0.010050251256281407
307<-579: 0.005025125628140704
307<-307: 0.010050251256281407
354<-307: 0.04020100502512563
307<-354: 0.01507537688442211
307<-470: 0.010050251256281407
352<-354: 0.010050251256281407
352<-352: 0.07035175879396985
307<-352: 0.010050251256281407

nodeInfo=(Event,position embedding)
352: 352,6
354: 354,1
579: 579,38
456: 456,42
235: 235,49
307: 307,2
470: 470,3


Sequence Order: 235 235 456 354 456 354 470 470 456 354 579 579 579 307 307 307 354 307 354 470 470 307 354 307 354 307 354 352 352 352 352 352 352 352 352 307 354 352 352 352 352 352 352 352 352 307 354 470 307 354