Label=Normal
network[son<-parent]=
18<-18: 0.06532663316582915
456<-18: 0.005025125628140704
354<-456: 0.04020100502512563
456<-354: 0.03015075376884422
555<-354: 0.005025125628140704
470<-555: 0.005025125628140704
470<-470: 0.005025125628140704
555<-470: 0.005025125628140704
195<-555: 0.005025125628140704
456<-195: 0.005025125628140704
579<-354: 0.005025125628140704
579<-579: 0.01507537688442211
307<-579: 0.010050251256281407
307<-307: 0.020100502512562814
579<-307: 0.005025125628140704
354<-307: 0.010050251256281407
307<-354: 0.010050251256281407

nodeInfo=(Event,position embedding)
354: 354,2
195: 195,26
579: 579,8
456: 456,17
555: 555,27
18: 18,37
307: 307,1
470: 470,28


Sequence Order: 18 18 18 18 18 18 18 18 18 18 18 18 18 18 456 354 456 354 456 354 555 470 470 555 195 456 354 456 354 456 354 456 354 456 354 579 579 579 579 307 307 307 579 307 307 307 354 307 354 307