Label=Normal
network[son<-parent]=
354<-456: 0.02512562814070352
456<-354: 0.01507537688442211
470<-354: 0.005025125628140704
470<-470: 0.005025125628140704
456<-470: 0.005025125628140704
579<-354: 0.005025125628140704
307<-579: 0.010050251256281407
307<-307: 0.020100502512562814
579<-307: 0.005025125628140704
354<-307: 0.020100502512562814
307<-354: 0.01507537688442211
18<-354: 0.005025125628140704
18<-18: 0.11055276381909548

nodeInfo=(Event,position embedding)
354: 354,24
579: 579,35
456: 456,40
18: 18,1
307: 307,25
470: 470,43


Sequence Order: 456 354 456 354 456 354 470 470 456 354 456 354 579 307 307 579 307 307 307 307 354 307 354 307 354 307 354 18 18 18 18 18 18 18 18 18 18 18 18 18 18 18 18 18 18 18 18 18 18 18