Label=Normal
network[son<-parent]=
456<-354: 0.01507537688442211
354<-456: 0.01507537688442211
579<-354: 0.005025125628140704
579<-579: 0.020100502512562814
307<-579: 0.01507537688442211
307<-307: 0.04020100502512563
579<-307: 0.010050251256281407
470<-307: 0.005025125628140704
470<-470: 0.005025125628140704
307<-470: 0.005025125628140704
354<-307: 0.05527638190954774
307<-354: 0.05527638190954774

nodeInfo=(Event,position embedding)
354: 354,2
579: 579,34
456: 456,45
307: 307,1
470: 470,27


Sequence Order: 354 456 354 456 354 456 354 579 579 579 579 579 307 307 579 307 579 307 307 307 307 307 470 470 307 354 307 354 307 354 307 354 307 354 307 354 307 307 307 307 354 307 354 307 354 307 354 307 354 307