Label=Normal
network[son<-parent]=
555<-18: 0.005025125628140704
569<-555: 0.005025125628140704
456<-569: 0.005025125628140704
354<-456: 0.010050251256281407
456<-354: 0.005025125628140704
307<-354: 0.020100502512562814
307<-307: 0.06030150753768844
354<-307: 0.03015075376884422
579<-354: 0.01507537688442211
579<-579: 0.04020100502512563
307<-579: 0.03015075376884422
579<-307: 0.020100502512562814

nodeInfo=(Event,position embedding)
354: 354,2
579: 579,1
456: 456,45
555: 555,49
18: 18,50
307: 307,3
569: 569,48


Sequence Order: 18 555 569 456 354 456 354 307 307 307 354 307 354 579 579 579 307 579 307 307 354 307 354 307 354 579 579 579 579 307 307 307 579 307 307 307 307 579 579 579 579 307 307 307 579 307 307 307 354 579