Label=Normal
network[son<-parent]=
354<-456: 0.02512562814070352
456<-354: 0.020100502512562814
579<-354: 0.005025125628140704
579<-579: 0.03015075376884422
307<-579: 0.005025125628140704
307<-307: 0.020100502512562814
470<-307: 0.005025125628140704
307<-470: 0.010050251256281407
354<-307: 0.04020100502512563
307<-354: 0.035175879396984924
576<-354: 0.005025125628140704
59<-576: 0.01507537688442211
576<-59: 0.005025125628140704
475<-59: 0.005025125628140704
470<-475: 0.005025125628140704
576<-470: 0.005025125628140704
470<-59: 0.005025125628140704
579<-307: 0.005025125628140704

nodeInfo=(Event,position embedding)
576: 576,17
354: 354,7
579: 579,1
456: 456,42
307: 307,5
470: 470,15
475: 475,19
59: 59,16


Sequence Order: 456 354 456 354 456 354 456 354 456 354 579 579 579 579 307 307 307 307 470 307 354 307 354 307 354 307 354 576 59 576 59 475 470 576 59 470 307 354 307 354 307 354 307 354 307 307 579 579 579 579