Label=Anomalous
network[son<-parent]=
293<-293: 0.06030150753768844
456<-293: 0.005025125628140704
354<-456: 0.010050251256281407
456<-354: 0.005025125628140704
470<-354: 0.005025125628140704
470<-470: 0.005025125628140704
307<-470: 0.005025125628140704
307<-307: 0.01507537688442211
579<-307: 0.005025125628140704
579<-579: 0.005025125628140704
307<-579: 0.005025125628140704
354<-307: 0.06030150753768844
307<-354: 0.06030150753768844

nodeInfo=(Event,position embedding)
354: 354,2
579: 579,28
293: 293,38
456: 456,35
307: 307,1
470: 470,32


Sequence Order: 293 293 293 293 293 293 293 293 293 293 293 293 293 456 354 456 354 470 470 307 307 579 579 307 307 307 354 307 354 307 354 307 354 307 354 307 354 307 354 307 354 307 354 307 354 307 354 307 354 307