Label=Normal
network[son<-parent]=
354<-456: 0.005025125628140704
569<-354: 0.01507537688442211
579<-569: 0.005025125628140704
579<-579: 0.010050251256281407
307<-579: 0.005025125628140704
307<-307: 0.010050251256281407
470<-307: 0.005025125628140704
343<-470: 0.005025125628140704
307<-343: 0.010050251256281407
354<-307: 0.08040201005025126
343<-354: 0.005025125628140704
307<-354: 0.06532663316582915
307<-569: 0.010050251256281407
569<-569: 0.005025125628140704
195<-569: 0.005025125628140704
569<-195: 0.005025125628140704

nodeInfo=(Event,position embedding)
354: 354,2
579: 579,45
195: 195,9
456: 456,50
307: 307,1
470: 470,41
343: 343,37
569: 569,8


Sequence Order: 456 354 569 579 579 579 307 307 307 470 343 307 354 343 307 354 307 354 569 307 354 307 354 307 354 307 354 307 354 307 354 307 354 307 354 307 354 307 354 569 569 195 569 307 354 307 354 307 354 307