Label=Normal
network[son<-parent]=
195<-354: 0.010050251256281407
456<-195: 0.005025125628140704
354<-456: 0.03015075376884422
456<-354: 0.02512562814070352
579<-354: 0.005025125628140704
307<-579: 0.005025125628140704
307<-307: 0.010050251256281407
354<-307: 0.07537688442211055
307<-354: 0.06532663316582915
307<-195: 0.005025125628140704
470<-354: 0.005025125628140704
470<-470: 0.005025125628140704

nodeInfo=(Event,position embedding)
354: 354,3
579: 579,36
195: 195,23
456: 456,38
307: 307,4
470: 470,1


Sequence Order: 354 195 456 354 456 354 456 354 456 354 456 354 456 354 579 307 307 307 354 307 354 307 354 307 354 307 354 195 307 354 307 354 307 354 307 354 307 354 307 354 307 354 307 354 307 354 307 354 470 470