Label=Normal
network[son<-parent]=
456<-354: 0.02512562814070352
354<-456: 0.03015075376884422
579<-354: 0.010050251256281407
456<-579: 0.005025125628140704
579<-579: 0.02512562814070352
307<-579: 0.010050251256281407
307<-307: 0.010050251256281407
579<-307: 0.005025125628140704
534<-307: 0.005025125628140704
343<-534: 0.005025125628140704
307<-343: 0.005025125628140704
354<-307: 0.05025125628140704
307<-354: 0.04522613065326633
343<-354: 0.005025125628140704
59<-343: 0.005025125628140704
307<-59: 0.005025125628140704

nodeInfo=(Event,position embedding)
354: 354,2
579: 579,27
456: 456,38
307: 307,1
534: 534,25
343: 343,9
59: 59,8


Sequence Order: 354 456 354 579 456 354 456 354 456 354 456 354 456 354 579 579 579 579 579 579 307 307 307 579 307 534 343 307 354 307 354 307 354 307 354 307 354 307 354 307 354 343 59 307 354 307 354 307 354 307