Label=Normal
network[son<-parent]=
354<-456: 0.010050251256281407
195<-354: 0.005025125628140704
195<-195: 0.005025125628140704
456<-195: 0.005025125628140704
579<-354: 0.01507537688442211
579<-579: 0.035175879396984924
307<-579: 0.01507537688442211
307<-307: 0.02512562814070352
579<-307: 0.005025125628140704
534<-307: 0.005025125628140704
307<-534: 0.005025125628140704
354<-307: 0.06030150753768844
307<-354: 0.04522613065326633
343<-354: 0.005025125628140704
307<-343: 0.005025125628140704

nodeInfo=(Event,position embedding)
354: 354,2
579: 579,1
195: 195,47
456: 456,46
307: 307,3
534: 534,30
343: 343,25


Sequence Order: 456 354 195 195 456 354 579 579 579 579 579 579 307 307 579 579 579 307 307 307 534 307 354 307 354 343 307 354 307 354 307 354 307 354 307 354 307 354 579 307 307 307 354 307 354 307 354 307 354 579