Label=Normal
network[son<-parent]=
527<-579: 0.010050251256281407
527<-527: 0.005025125628140704
579<-527: 0.005025125628140704
534<-527: 0.005025125628140704
534<-534: 0.005025125628140704
195<-534: 0.005025125628140704
343<-195: 0.010050251256281407
307<-343: 0.01507537688442211
354<-307: 0.09045226130653267
307<-354: 0.07035175879396985
59<-354: 0.005025125628140704
307<-59: 0.005025125628140704
195<-354: 0.005025125628140704
343<-343: 0.005025125628140704
343<-354: 0.005025125628140704

nodeInfo=(Event,position embedding)
354: 354,1
579: 579,47
195: 195,28
527: 527,46
307: 307,2
534: 534,44
343: 343,5
59: 59,31


Sequence Order: 579 527 527 579 527 534 534 195 343 307 354 307 354 307 354 307 354 307 354 59 307 354 195 343 343 307 354 307 354 307 354 307 354 307 354 307 354 307 354 307 354 307 354 307 354 343 307 354 307 354