Label=Normal
network[son<-parent]=
579<-527: 0.005025125628140704
579<-579: 0.02512562814070352
527<-579: 0.005025125628140704
527<-527: 0.010050251256281407
470<-527: 0.005025125628140704
343<-470: 0.005025125628140704
307<-343: 0.01507537688442211
354<-307: 0.08040201005025126
343<-354: 0.010050251256281407
307<-354: 0.06532663316582915
569<-354: 0.005025125628140704
88<-569: 0.005025125628140704
307<-88: 0.005025125628140704
307<-307: 0.005025125628140704

nodeInfo=(Event,position embedding)
354: 354,3
579: 579,44
527: 527,41
307: 307,1
470: 470,40
343: 343,25
88: 88,28
569: 569,29


Sequence Order: 527 579 579 579 579 579 579 527 527 527 470 343 307 354 343 307 354 307 354 307 354 569 88 307 354 343 307 354 307 354 307 354 307 354 307 354 307 354 307 354 307 354 307 354 307 354 307 354 307 307