Label=Normal
network[son<-parent]=
354<-456: 0.05025125628140704
456<-354: 0.04020100502512563
555<-354: 0.005025125628140704
569<-555: 0.005025125628140704
576<-569: 0.005025125628140704
88<-576: 0.005025125628140704
88<-88: 0.05025125628140704
65<-88: 0.010050251256281407
65<-65: 0.005025125628140704
88<-65: 0.005025125628140704
456<-65: 0.005025125628140704
307<-354: 0.02512562814070352
307<-307: 0.01507537688442211
354<-307: 0.020100502512562814

nodeInfo=(Event,position embedding)
576: 576,30
65: 65,15
354: 354,2
456: 456,14
555: 555,32
307: 307,1
88: 88,16
569: 569,31


Sequence Order: 456 354 456 354 456 354 456 354 456 354 456 354 456 354 456 354 456 354 555 569 576 88 88 88 88 88 88 88 88 88 88 65 65 88 88 65 456 354 307 307 307 307 354 307 354 307 354 307 354 307