Label=Normal
network[son<-parent]=
354<-456: 0.020100502512562814
456<-354: 0.01507537688442211
579<-354: 0.010050251256281407
579<-579: 0.04020100502512563
307<-579: 0.020100502512562814
307<-307: 0.04020100502512563
579<-307: 0.010050251256281407
354<-307: 0.04522613065326633
307<-354: 0.03015075376884422
534<-354: 0.005025125628140704
534<-534: 0.005025125628140704
307<-534: 0.005025125628140704

nodeInfo=(Event,position embedding)
354: 354,1
579: 579,17
456: 456,44
307: 307,2
534: 534,11


Sequence Order: 456 354 456 354 456 354 456 354 579 579 579 579 579 307 307 579 307 307 307 307 354 307 354 307 354 579 579 579 579 579 307 307 307 579 307 307 307 354 534 534 307 354 307 354 307 354 307 354 307 354