Label=Normal
network[son<-parent]=
527<-354: 0.005025125628140704
527<-527: 0.005025125628140704
470<-527: 0.005025125628140704
307<-470: 0.020100502512562814
354<-307: 0.07035175879396985
307<-354: 0.05025125628140704
576<-354: 0.005025125628140704
59<-576: 0.005025125628140704
307<-59: 0.005025125628140704
307<-307: 0.02512562814070352
88<-307: 0.005025125628140704
307<-88: 0.005025125628140704
470<-307: 0.010050251256281407
579<-354: 0.005025125628140704
579<-579: 0.01507537688442211
307<-579: 0.005025125628140704
470<-354: 0.005025125628140704

nodeInfo=(Event,position embedding)
576: 576,42
354: 354,1
579: 579,12
527: 527,48
307: 307,2
470: 470,5
88: 88,38
59: 59,41


Sequence Order: 354 527 527 470 307 354 307 354 576 59 307 307 88 307 470 307 354 307 354 307 354 307 354 307 307 307 354 307 354 307 354 307 354 307 354 579 579 579 579 307 307 307 470 307 354 470 307 354 307 354