Label=Anomalous
network[son<-parent]=
527<-527: 0.005025125628140704
307<-527: 0.005025125628140704
354<-307: 0.04522613065326633
307<-354: 0.035175879396984924
470<-354: 0.005025125628140704
307<-470: 0.01507537688442211
307<-307: 0.02512562814070352
470<-307: 0.010050251256281407
470<-470: 0.020100502512562814
579<-307: 0.010050251256281407
579<-579: 0.010050251256281407
307<-579: 0.010050251256281407
343<-307: 0.005025125628140704
343<-343: 0.005025125628140704
307<-343: 0.005025125628140704
10<-354: 0.005025125628140704
293<-10: 0.005025125628140704
293<-293: 0.02512562814070352

nodeInfo=(Event,position embedding)
354: 354,8
579: 579,20
293: 293,1
10: 10,7
527: 527,49
307: 307,9
470: 470,15
343: 343,10


Sequence Order: 527 527 307 354 307 354 470 307 354 307 354 307 354 307 354 307 354 307 354 307 307 470 470 307 307 307 579 579 579 307 579 307 470 470 470 470 307 307 307 343 343 307 354 10 293 293 293 293 293 293