Label=Normal
network[son<-parent]=
354<-456: 0.010050251256281407
456<-354: 0.005025125628140704
470<-354: 0.005025125628140704
579<-470: 0.005025125628140704
579<-579: 0.06532663316582915
307<-579: 0.03015075376884422
307<-307: 0.07537688442211055
579<-307: 0.03015075376884422
354<-307: 0.010050251256281407
307<-354: 0.010050251256281407

nodeInfo=(Event,position embedding)
354: 354,30
579: 579,1
456: 456,48
307: 307,2
470: 470,46


Sequence Order: 456 354 456 354 470 579 579 307 307 307 579 579 307 307 579 579 307 307 354 307 354 307 307 579 579 579 579 579 579 307 307 307 307 579 579 579 579 579 307 307 307 307 579 579 307 307 307 307 307 579