Label=Normal
network[son<-parent]=
354<-456: 0.005025125628140704
307<-354: 0.07035175879396985
307<-307: 0.035175879396984924
354<-307: 0.07537688442211055
579<-307: 0.010050251256281407
579<-579: 0.01507537688442211
307<-579: 0.01507537688442211
470<-579: 0.005025125628140704
307<-470: 0.005025125628140704
579<-354: 0.010050251256281407

nodeInfo=(Event,position embedding)
354: 354,3
579: 579,13
456: 456,50
307: 307,1
470: 470,30


Sequence Order: 456 354 307 307 354 307 579 579 579 579 307 307 307 307 307 354 307 354 307 579 470 307 307 354 307 354 579 307 354 307 354 307 354 307 354 307 354 579 307 354 307 354 307 354 307 354 307 354 307 307