Label=Normal
network[son<-parent]=
195<-195: 0.005025125628140704
119<-195: 0.005025125628140704
119<-119: 0.22110552763819097
576<-119: 0.005025125628140704
59<-576: 0.005025125628140704
119<-59: 0.005025125628140704

nodeInfo=(Event,position embedding)
576: 576,32
59: 59,31
195: 195,49
119: 119,1


Sequence Order: 195 195 119 119 119 119 119 119 119 119 119 119 119 119 119 119 119 119 576 59 119 119 119 119 119 119 119 119 119 119 119 119 119 119 119 119 119 119 119 119 119 119 119 119 119 119 119 119 119 119