Label=Anomalous
network[son<-parent]=
354<-456: 0.04020100502512563
456<-354: 0.035175879396984924
307<-354: 0.02512562814070352
307<-307: 0.035175879396984924
579<-307: 0.005025125628140704
307<-579: 0.010050251256281407
470<-307: 0.005025125628140704
470<-470: 0.005025125628140704
307<-470: 0.005025125628140704
354<-307: 0.03015075376884422
579<-354: 0.005025125628140704
293<-354: 0.005025125628140704
293<-293: 0.04020100502512563

nodeInfo=(Event,position embedding)
354: 354,10
579: 579,20
293: 293,1
456: 456,36
307: 307,11
470: 470,25


Sequence Order: 456 354 456 354 456 354 456 354 456 354 456 354 456 354 456 354 307 307 579 307 307 307 307 307 470 470 307 307 307 354 579 307 354 307 354 307 354 307 354 307 354 293 293 293 293 293 293 293 293 293