Label=Anomalous
network[son<-parent]=
527<-293: 0.010050251256281407
527<-527: 0.010050251256281407
293<-527: 0.010050251256281407
293<-293: 0.1708542713567839
307<-293: 0.010050251256281407
354<-307: 0.010050251256281407
293<-354: 0.010050251256281407
307<-307: 0.01507537688442211

nodeInfo=(Event,position embedding)
354: 354,35
307: 307,36
293: 293,1
527: 527,44


Sequence Order: 293 527 527 293 293 527 527 293 307 354 293 307 307 307 307 354 293 293 293 293 293 293 293 293 293 293 293 293 293 293 293 293 293 293 293 293 293 293 293 293 293 293 293 293 293 293 293 293 293 293