Label=Anomalous
network[son<-parent]=
293<-293: 0.08542713567839195
576<-293: 0.005025125628140704
59<-576: 0.005025125628140704
88<-59: 0.005025125628140704
88<-88: 0.010050251256281407
456<-88: 0.005025125628140704
354<-456: 0.04020100502512563
456<-354: 0.035175879396984924
579<-354: 0.005025125628140704
579<-579: 0.005025125628140704
307<-579: 0.010050251256281407
307<-307: 0.010050251256281407
579<-307: 0.005025125628140704
354<-307: 0.010050251256281407
307<-354: 0.010050251256281407

nodeInfo=(Event,position embedding)
576: 576,32
354: 354,2
579: 579,7
293: 293,33
456: 456,13
307: 307,1
88: 88,28
59: 59,31


Sequence Order: 293 293 293 293 293 293 293 293 293 293 293 293 293 293 293 293 293 293 576 59 88 88 88 456 354 456 354 456 354 456 354 456 354 456 354 456 354 456 354 579 579 307 307 579 307 307 354 307 354 307