Label=Normal
network[son<-parent]=
456<-354: 0.01507537688442211
354<-456: 0.020100502512562814
470<-354: 0.020100502512562814
456<-470: 0.005025125628140704
307<-354: 0.07537688442211055
307<-307: 0.010050251256281407
354<-307: 0.08542713567839195
307<-470: 0.01507537688442211

nodeInfo=(Event,position embedding)
456: 456,42
354: 354,2
307: 307,1
470: 470,19


Sequence Order: 354 456 354 456 354 470 456 354 456 354 307 307 354 470 307 354 307 354 307 354 307 354 307 354 470 307 354 307 354 307 354 470 307 354 307 354 307 307 354 307 354 307 354 307 354 307 354 307 354 307