Label=Normal
network[son<-parent]=
470<-354: 0.010050251256281407
470<-470: 0.010050251256281407
456<-470: 0.010050251256281407
354<-456: 0.09045226130653267
456<-354: 0.07537688442211055
579<-354: 0.010050251256281407
579<-579: 0.03015075376884422
456<-579: 0.010050251256281407

nodeInfo=(Event,position embedding)
456: 456,1
354: 354,2
579: 579,4
470: 470,42


Sequence Order: 354 470 470 456 354 456 354 470 470 456 354 456 354 456 354 456 354 456 354 456 354 456 354 579 579 579 579 456 354 456 354 456 354 456 354 456 354 456 354 456 354 456 354 579 579 579 579 456 354 456