Label=Anomalous
network[son<-parent]=
167<-175: 0.005025125628140704
167<-167: 0.010050251256281407
579<-167: 0.005025125628140704
579<-579: 0.03015075376884422
527<-579: 0.01507537688442211
527<-527: 0.020100502512562814
579<-527: 0.005025125628140704
352<-527: 0.01507537688442211
527<-352: 0.005025125628140704
579<-352: 0.005025125628140704
307<-352: 0.005025125628140704
354<-307: 0.005025125628140704
235<-354: 0.005025125628140704
235<-235: 0.11557788944723618

nodeInfo=(Event,position embedding)
352: 352,27
354: 354,25
579: 579,30
167: 167,47
235: 235,1
527: 527,28
175: 175,50
307: 307,26


Sequence Order: 175 167 167 167 579 579 527 527 579 579 579 579 579 527 527 352 527 527 352 579 579 527 527 352 307 354 235 235 235 235 235 235 235 235 235 235 235 235 235 235 235 235 235 235 235 235 235 235 235 235