Label=Normal
network[son<-parent]=
354<-456: 0.02512562814070352
470<-354: 0.02512562814070352
470<-470: 0.02512562814070352
456<-470: 0.010050251256281407
59<-470: 0.005025125628140704
456<-59: 0.010050251256281407
59<-354: 0.02512562814070352
307<-354: 0.020100502512562814
307<-307: 0.010050251256281407
354<-307: 0.05025125628140704
307<-470: 0.010050251256281407
307<-59: 0.020100502512562814
579<-354: 0.005025125628140704
307<-579: 0.005025125628140704

nodeInfo=(Event,position embedding)
354: 354,3
579: 579,2
456: 456,34
307: 307,1
470: 470,13
59: 59,5


Sequence Order: 456 354 470 470 456 354 470 470 456 354 470 470 59 456 354 59 456 354 307 307 307 354 307 354 470 470 307 354 59 307 354 59 307 354 307 354 470 470 307 354 307 354 59 307 354 59 307 354 579 307