Label=Anomalous
network[son<-parent]=
456<-470: 0.005025125628140704
354<-456: 0.005025125628140704
470<-354: 0.005025125628140704
470<-470: 0.005025125628140704
579<-470: 0.005025125628140704
579<-579: 0.010050251256281407
307<-579: 0.005025125628140704
307<-307: 0.010050251256281407
10<-307: 0.005025125628140704
293<-10: 0.005025125628140704
293<-293: 0.18592964824120603

nodeInfo=(Event,position embedding)
354: 354,48
579: 579,43
293: 293,1
456: 456,49
10: 10,39
307: 307,40
470: 470,46


Sequence Order: 470 456 354 470 470 579 579 579 307 307 307 10 293 293 293 293 293 293 293 293 293 293 293 293 293 293 293 293 293 293 293 293 293 293 293 293 293 293 293 293 293 293 293 293 293 293 293 293 293 293