Label=Normal
network[son<-parent]=
456<-354: 0.005025125628140704
354<-456: 0.005025125628140704
307<-354: 0.07537688442211055
307<-307: 0.01507537688442211
354<-307: 0.08040201005025126
569<-354: 0.005025125628140704
576<-569: 0.005025125628140704
88<-576: 0.010050251256281407
88<-88: 0.020100502512562814
576<-88: 0.005025125628140704
307<-88: 0.005025125628140704
470<-307: 0.005025125628140704
470<-470: 0.005025125628140704
307<-470: 0.005025125628140704

nodeInfo=(Event,position embedding)
576: 576,19
354: 354,1
456: 456,49
307: 307,2
470: 470,13
88: 88,17
569: 569,25


Sequence Order: 354 456 354 307 307 307 354 307 354 307 354 307 354 307 354 307 354 307 354 307 354 307 354 307 354 569 576 88 88 88 88 576 88 88 307 307 470 470 307 354 307 354 307 354 307 354 307 354 307 354