Label=Normal
network[son<-parent]=
527<-579: 0.010050251256281407
527<-527: 0.005025125628140704
579<-527: 0.005025125628140704
307<-527: 0.005025125628140704
354<-307: 0.08542713567839195
579<-354: 0.005025125628140704
579<-579: 0.005025125628140704
307<-579: 0.010050251256281407
307<-307: 0.020100502512562814
579<-307: 0.005025125628140704
307<-354: 0.07537688442211055
470<-354: 0.005025125628140704
470<-470: 0.005025125628140704
307<-470: 0.005025125628140704

nodeInfo=(Event,position embedding)
354: 354,2
579: 579,39
527: 527,46
307: 307,1
470: 470,32


Sequence Order: 579 527 527 579 527 307 354 579 579 307 307 579 307 307 354 307 354 470 470 307 354 307 307 307 354 307 354 307 354 307 354 307 354 307 354 307 354 307 354 307 354 307 354 307 354 307 354 307 354 307