Label=Normal
network[son<-parent]=
456<-354: 0.010050251256281407
354<-456: 0.01507537688442211
470<-354: 0.020100502512562814
456<-470: 0.005025125628140704
579<-354: 0.010050251256281407
307<-579: 0.010050251256281407
307<-307: 0.020100502512562814
354<-307: 0.08040201005025126
307<-354: 0.06030150753768844
307<-470: 0.01507537688442211

nodeInfo=(Event,position embedding)
354: 354,2
579: 579,21
456: 456,44
307: 307,1
470: 470,6


Sequence Order: 354 456 354 456 354 470 456 354 579 307 307 307 354 307 354 307 354 470 307 354 307 354 470 307 354 307 354 307 354 579 307 307 307 354 307 354 307 354 307 354 307 354 307 354 470 307 354 307 354 307