Label=Normal
network[son<-parent]=
456<-354: 0.03015075376884422
354<-456: 0.04020100502512563
470<-354: 0.010050251256281407
456<-470: 0.010050251256281407
579<-354: 0.005025125628140704
579<-579: 0.02512562814070352
307<-579: 0.005025125628140704
307<-307: 0.01507537688442211
470<-307: 0.005025125628140704
307<-470: 0.005025125628140704
354<-307: 0.04522613065326633
307<-354: 0.04020100502512563
555<-354: 0.005025125628140704
555<-555: 0.005025125628140704

nodeInfo=(Event,position embedding)
354: 354,3
579: 579,26
456: 456,33
555: 555,1
307: 307,4
470: 470,21


Sequence Order: 354 456 354 456 354 456 354 456 354 456 354 470 456 354 470 456 354 456 354 579 579 579 579 579 579 307 307 307 307 470 307 354 307 354 307 354 307 354 307 354 307 354 307 354 307 354 307 354 555 555