Label=Normal
network[son<-parent]=
527<-354: 0.005025125628140704
527<-527: 0.005025125628140704
579<-527: 0.005025125628140704
579<-579: 0.010050251256281407
527<-579: 0.005025125628140704
307<-527: 0.005025125628140704
354<-307: 0.020100502512562814
307<-354: 0.020100502512562814
307<-307: 0.005025125628140704
576<-307: 0.005025125628140704
59<-576: 0.005025125628140704
235<-59: 0.005025125628140704
235<-235: 0.1507537688442211

nodeInfo=(Event,position embedding)
576: 576,33
354: 354,36
579: 579,45
235: 235,1
527: 527,44
307: 307,34
59: 59,32


Sequence Order: 354 527 527 579 579 579 527 307 354 307 354 307 354 307 354 307 307 576 59 235 235 235 235 235 235 235 235 235 235 235 235 235 235 235 235 235 235 235 235 235 235 235 235 235 235 235 235 235 235 235