Label=Normal
network[son<-parent]=
456<-470: 0.010050251256281407
354<-456: 0.01507537688442211
456<-354: 0.005025125628140704
470<-354: 0.010050251256281407
579<-470: 0.01507537688442211
579<-579: 0.020100502512562814
470<-579: 0.010050251256281407
470<-470: 0.005025125628140704
352<-579: 0.005025125628140704
352<-352: 0.1507537688442211

nodeInfo=(Event,position embedding)
352: 352,1
354: 354,43
579: 579,32
456: 456,44
470: 470,35


Sequence Order: 470 456 354 456 354 470 456 354 470 579 579 579 470 470 579 470 579 579 579 352 352 352 352 352 352 352 352 352 352 352 352 352 352 352 352 352 352 352 352 352 352 352 352 352 352 352 352 352 352 352