Label=Normal
network[son<-parent]=
470<-354: 0.005025125628140704
470<-470: 0.01507537688442211
456<-470: 0.005025125628140704
354<-456: 0.01507537688442211
456<-354: 0.010050251256281407
579<-354: 0.005025125628140704
579<-579: 0.020100502512562814
307<-579: 0.010050251256281407
307<-307: 0.020100502512562814
579<-307: 0.005025125628140704
354<-307: 0.010050251256281407
307<-354: 0.005025125628140704
18<-354: 0.005025125628140704
18<-18: 0.07537688442211055
235<-18: 0.005025125628140704
235<-235: 0.035175879396984924

nodeInfo=(Event,position embedding)
354: 354,25
579: 579,32
456: 456,41
235: 235,1
18: 18,9
307: 307,26
470: 470,46


Sequence Order: 354 470 470 470 470 456 354 456 354 456 354 579 579 579 579 579 307 307 579 307 307 307 307 354 307 354 18 18 18 18 18 18 18 18 18 18 18 18 18 18 18 18 235 235 235 235 235 235 235 235