Label=Normal
network[son<-parent]=
527<-527: 0.005025125628140704
307<-527: 0.005025125628140704
354<-307: 0.07035175879396985
307<-354: 0.05025125628140704
307<-307: 0.02512562814070352
579<-354: 0.005025125628140704
579<-579: 0.020100502512562814
307<-579: 0.010050251256281407
579<-307: 0.005025125628140704
576<-307: 0.005025125628140704
59<-576: 0.005025125628140704
59<-59: 0.005025125628140704
307<-59: 0.01507537688442211
59<-354: 0.010050251256281407
470<-354: 0.005025125628140704
307<-470: 0.005025125628140704

nodeInfo=(Event,position embedding)
576: 576,21
354: 354,4
579: 579,23
527: 527,49
307: 307,1
470: 470,9
59: 59,6


Sequence Order: 527 527 307 354 307 354 307 307 307 354 307 354 307 354 307 354 307 354 307 354 579 579 579 579 579 307 307 579 307 576 59 59 307 354 59 307 354 307 354 307 354 470 307 354 59 307 354 307 307 307