Label=Normal
network[son<-parent]=
579<-527: 0.005025125628140704
579<-579: 0.01507537688442211
527<-579: 0.005025125628140704
527<-527: 0.010050251256281407
65<-527: 0.005025125628140704
352<-65: 0.005025125628140704
352<-352: 0.20100502512562815

nodeInfo=(Event,position embedding)
352: 352,1
65: 65,42
579: 579,46
527: 527,43


Sequence Order: 527 579 579 579 579 527 527 527 65 352 352 352 352 352 352 352 352 352 352 352 352 352 352 352 352 352 352 352 352 352 352 352 352 352 352 352 352 352 352 352 352 352 352 352 352 352 352 352 352 352