Label=Anomalous
network[son<-parent]=
527<-470: 0.005025125628140704
527<-527: 0.010050251256281407
470<-527: 0.005025125628140704
470<-470: 0.020100502512562814
307<-470: 0.005025125628140704
354<-307: 0.01507537688442211
307<-354: 0.010050251256281407
307<-307: 0.010050251256281407
470<-354: 0.005025125628140704
10<-470: 0.005025125628140704
293<-10: 0.005025125628140704
293<-293: 0.1507537688442211

nodeInfo=(Event,position embedding)
354: 354,35
293: 293,1
10: 10,32
527: 527,47
307: 307,36
470: 470,33


Sequence Order: 470 527 527 527 470 470 470 470 307 354 307 307 307 354 307 354 470 470 10 293 293 293 293 293 293 293 293 293 293 293 293 293 293 293 293 293 293 293 293 293 293 293 293 293 293 293 293 293 293 293