Label=Normal
network[son<-parent]=
105<-173: 0.005025125628140704
105<-105: 0.1306532663316583
155<-105: 0.005025125628140704
277<-155: 0.005025125628140704
105<-277: 0.005025125628140704
213<-105: 0.010050251256281407
213<-213: 0.04522613065326633
105<-213: 0.01507537688442211
449<-105: 0.005025125628140704
310<-449: 0.005025125628140704
172<-310: 0.005025125628140704
310<-172: 0.005025125628140704
213<-310: 0.005025125628140704

nodeInfo=(Event,position embedding)
449: 449,30
105: 105,1
172: 172,28
173: 173,50
213: 213,16
277: 277,36
310: 310,27
155: 155,37


Sequence Order: 173 105 105 105 105 105 105 105 105 105 105 105 105 155 277 105 105 213 213 105 449 310 172 310 213 213 213 213 213 213 105 213 213 213 213 105 105 105 105 105 105 105 105 105 105 105 105 105 105 105