Label=Anomalous
network[son<-parent]=
429<-438: 0.005025125628140704
213<-429: 0.005025125628140704
562<-213: 0.005025125628140704
367<-562: 0.005025125628140704
367<-367: 0.1507537688442211
541<-367: 0.005025125628140704
293<-541: 0.005025125628140704
293<-293: 0.06532663316582915

nodeInfo=(Event,position embedding)
293: 293,1
429: 429,49
367: 367,16
562: 562,47
213: 213,48
438: 438,50
541: 541,15


Sequence Order: 438 429 213 562 367 367 367 367 367 367 367 367 367 367 367 367 367 367 367 367 367 367 367 367 367 367 367 367 367 367 367 367 367 367 367 541 293 293 293 293 293 293 293 293 293 293 293 293 293 293