Label=Anomalous
network[son<-parent]=
367<-562: 0.005025125628140704
367<-367: 0.05025125628140704
541<-367: 0.005025125628140704
456<-541: 0.005025125628140704
354<-456: 0.01507537688442211
293<-354: 0.005025125628140704
293<-293: 0.12562814070351758
456<-293: 0.005025125628140704
456<-354: 0.005025125628140704
579<-354: 0.005025125628140704
579<-579: 0.020100502512562814

nodeInfo=(Event,position embedding)
354: 354,6
579: 579,1
293: 293,10
456: 456,7
367: 367,39
562: 562,50
541: 541,38


Sequence Order: 562 367 367 367 367 367 367 367 367 367 367 367 541 456 354 293 293 293 293 293 293 293 293 293 293 293 293 293 293 293 293 293 293 293 293 293 293 293 293 293 293 456 354 456 354 579 579 579 579 579