Label=Normal
network[son<-parent]=
145<-279: 0.005025125628140704
259<-145: 0.005025125628140704
300<-259: 0.005025125628140704
213<-300: 0.005025125628140704
213<-213: 0.135678391959799
357<-213: 0.010050251256281407
213<-357: 0.010050251256281407
483<-213: 0.005025125628140704
213<-483: 0.005025125628140704
88<-213: 0.005025125628140704
88<-88: 0.005025125628140704
213<-88: 0.005025125628140704
415<-213: 0.005025125628140704
105<-415: 0.005025125628140704
213<-105: 0.005025125628140704
105<-213: 0.005025125628140704
105<-105: 0.02512562814070352

nodeInfo=(Event,position embedding)
259: 259,48
483: 483,32
357: 357,35
105: 105,1
300: 300,47
145: 145,49
213: 213,7
279: 279,50
88: 88,27
415: 415,10


Sequence Order: 279 145 259 300 213 213 213 213 213 213 213 213 357 213 213 357 213 213 483 213 213 213 88 88 213 213 213 213 213 213 213 213 213 213 213 213 213 213 213 213 415 105 213 213 105 105 105 105 105 105