Label=Normal
network[son<-parent]=
354<-456: 0.03015075376884422
456<-354: 0.02512562814070352
579<-354: 0.005025125628140704
579<-579: 0.005025125628140704
307<-579: 0.010050251256281407
307<-307: 0.020100502512562814
579<-307: 0.005025125628140704
470<-307: 0.005025125628140704
307<-470: 0.005025125628140704
354<-307: 0.02512562814070352
307<-354: 0.020100502512562814
352<-354: 0.005025125628140704
352<-352: 0.08542713567839195

nodeInfo=(Event,position embedding)
352: 352,1
354: 354,19
579: 579,34
456: 456,40
307: 307,20
470: 470,31


Sequence Order: 456 354 456 354 456 354 456 354 456 354 456 354 579 579 307 307 579 307 307 470 307 307 307 354 307 354 307 354 307 354 307 354 352 352 352 352 352 352 352 352 352 352 352 352 352 352 352 352 352 352