Label=Anomalous
network[son<-parent]=
367<-562: 0.005025125628140704
367<-367: 0.12562814070351758
541<-367: 0.005025125628140704
470<-541: 0.005025125628140704
470<-470: 0.005025125628140704
293<-470: 0.005025125628140704
293<-293: 0.09547738693467336

nodeInfo=(Event,position embedding)
293: 293,1
367: 367,24
562: 562,50
470: 470,21
541: 541,23


Sequence Order: 562 367 367 367 367 367 367 367 367 367 367 367 367 367 367 367 367 367 367 367 367 367 367 367 367 367 367 541 470 470 293 293 293 293 293 293 293 293 293 293 293 293 293 293 293 293 293 293 293 293