Label=Anomalous
network[son<-parent]=
562<-142: 0.005025125628140704
367<-562: 0.005025125628140704
367<-367: 0.1507537688442211
541<-367: 0.005025125628140704
456<-541: 0.005025125628140704
354<-456: 0.01507537688442211
456<-354: 0.010050251256281407
579<-354: 0.005025125628140704
579<-579: 0.020100502512562814
307<-579: 0.010050251256281407
307<-307: 0.010050251256281407
579<-307: 0.005025125628140704

nodeInfo=(Event,position embedding)
354: 354,11
579: 579,3
456: 456,12
142: 142,50
367: 367,18
562: 562,49
307: 307,1
541: 541,17


Sequence Order: 142 562 367 367 367 367 367 367 367 367 367 367 367 367 367 367 367 367 367 367 367 367 367 367 367 367 367 367 367 367 367 367 367 541 456 354 456 354 456 354 579 579 579 579 579 307 307 579 307 307