Label=Normal
network[son<-parent]=
354<-456: 0.005025125628140704
307<-354: 0.07537688442211055
307<-307: 0.03015075376884422
354<-307: 0.08040201005025126
470<-354: 0.005025125628140704
470<-470: 0.010050251256281407
307<-470: 0.010050251256281407
579<-354: 0.005025125628140704
579<-579: 0.005025125628140704
307<-579: 0.010050251256281407
579<-307: 0.005025125628140704
470<-307: 0.005025125628140704

nodeInfo=(Event,position embedding)
354: 354,2
579: 579,14
456: 456,50
307: 307,1
470: 470,8


Sequence Order: 456 354 307 307 307 354 307 354 307 354 307 354 307 354 307 354 307 354 307 354 307 354 470 470 307 354 307 354 307 354 307 354 579 579 307 307 579 307 307 307 307 470 470 307 354 307 354 307 354 307